1,582,791.65,379.83,281.34,556.43,1,-1,-1,-1
1,583,580.12,415.59,355.63,479.05,1,-1,-1,-1
1,584,1290.12,405.12,182.27,450.16,1,-1,-1,-1
1,585,1128.57,349.18,210.61,557.15,1,-1,-1,-1
1,586,1014.80,486.81,164.00,347.49,1,-1,-1,-1
1,587,1035.04,488.74,157.92,343.55,1,-1,-1,-1
1,588,577.67,385.74,189.14,457.44,1,-1,-1,-1
2,582,793.91,392.43,274.99,537.74,1,-1,-1,-1
2,583,593.72,414.70,351.50,480.53,1,-1,-1,-1
2,584,1293.73,403.12,188.86,451.12,1,-1,-1,-1
2,585,1130.03,352.64,204.37,553.03,1,-1,-1,-1
2,586,1021.19,491.45,159.87,340.75,1,-1,-1,-1
2,587,1029.55,491.27,161.59,341.36,1,-1,-1,-1
2,588,576.61,401.41,179.56,440.87,1,-1,-1,-1
3,582,780.20,365.41,295.21,562.40,1,-1,-1,-1
3,583,589.95,425.54,339.19,467.47,1,-1,-1,-1
3,584,1301.55,406.97,187.67,450.88,1,-1,-1,-1
3,585,1115.29,368.85,218.09,536.70,1,-1,-1,-1
3,586,1017.25,489.56,168.60,344.76,1,-1,-1,-1
3,587,1023.07,488.82,168.97,346.02,1,-1,-1,-1
3,588,579.59,416.72,173.03,425.80,1,-1,-1,-1
4,582,757.39,384.48,322.61,548.41,1,-1,-1,-1
4,583,585.58,432.88,353.29,460.31,1,-1,-1,-1
4,584,1306.49,409.31,195.13,450.20,1,-1,-1,-1
4,585,1117.38,321.29,227.29,587.07,1,-1,-1,-1
4,586,1018.84,495.18,167.25,338.18,1,-1,-1,-1
4,587,1018.96,494.88,174.80,339.27,1,-1,-1,-1
4,588,578.42,411.63,178.52,426.77,1,-1,-1,-1
5,582,772.01,400.38,331.16,533.78,1,-1,-1,-1
5,583,596.28,435.67,347.10,457.05,1,-1,-1,-1
5,584,1311.28,422.32,203.54,442.76,1,-1,-1,-1
5,585,1117.57,309.42,221.93,604.55,1,-1,-1,-1
5,586,1002.09,496.64,182.54,338.79,1,-1,-1,-1
5,588,570.65,403.31,188.60,437.49,1,-1,-1,-1
6,582,765.66,401.33,361.99,550.46,1,-1,-1,-1
6,583,585.21,439.64,348.86,454.41,1,-1,-1,-1
6,584,1311.82,413.88,238.62,452.52,1,-1,-1,-1
6,585,1100.49,299.35,249.53,614.95,1,-1,-1,-1
6,586,1002.04,497.71,183.27,339.50,1,-1,-1,-1
6,587,1014.99,498.87,183.84,338.79,1,-1,-1,-1
6,588,526.06,376.21,234.27,466.61,1,-1,-1,-1
7,582,750.01,362.71,377.72,589.19,1,-1,-1,-1
7,583,589.16,439.35,346.78,454.13,1,-1,-1,-1
7,584,1314.81,405.04,251.61,461.52,1,-1,-1,-1
7,585,1100.65,285.83,246.92,631.67,1,-1,-1,-1
7,586,1010.74,494.19,176.06,340.15,1,-1,-1,-1
7,588,501.01,370.74,258.86,482.61,1,-1,-1,-1
8,582,741.14,364.42,354.47,581.19,1,-1,-1,-1
8,583,615.03,436.89,316.66,456.67,1,-1,-1,-1
8,584,1315.58,396.92,253.02,471.62,1,-1,-1,-1
8,585,1078.52,288.69,277.31,631.78,1,-1,-1,-1
8,586,1004.93,489.50,176.01,347.45,1,-1,-1,-1
8,588,496.70,359.17,268.68,500.14,1,-1,-1,-1
9,582,752.53,380.27,321.67,565.25,1,-1,-1,-1
9,583,609.28,422.76,319.83,470.87,1,-1,-1,-1
9,584,1323.74,392.88,263.71,478.18,1,-1,-1,-1
9,585,1096.76,285.17,265.63,638.56,1,-1,-1,-1
9,586,1002.35,500.69,184.96,344.08,1,-1,-1,-1
9,587,1003.90,501.63,192.15,340.93,1,-1,-1,-1
9,588,478.54,357.23,276.25,497.12,1,-1,-1,-1
10,582,782.20,408.37,267.44,533.94,1,-1,-1,-1
10,583,664.08,421.63,252.12,473.30,1,-1,-1,-1
10,584,1346.57,392.99,224.74,479.58,1,-1,-1,-1
10,585,1107.18,294.71,261.27,633.17,1,-1,-1,-1
10,586,997.99,499.15,179.56,349.82,1,-1,-1,-1
10,588,482.46,349.01,279.35,500.83,1,-1,-1,-1
11,582,763.31,424.61,346.83,520.88,1,-1,-1,-1
11,583,671.85,428.03,253.67,466.92,1,-1,-1,-1
11,584,1346.80,382.64,228.33,493.30,1,-1,-1,-1
11,585,1113.22,288.75,254.41,638.40,1,-1,-1,-1
11,586,1000.00,503.22,189.55,349.32,1,-1,-1,-1
11,588,486.94,365.91,286.67,480.58,1,-1,-1,-1
12,582,777.15,431.28,312.58,518.36,1,-1,-1,-1
12,583,656.73,421.34,262.96,474.70,1,-1,-1,-1
12,584,1358.07,405.37,222.05,473.62,1,-1,-1,-1
12,585,1118.11,408.09,250.18,521.77,1,-1,-1,-1
12,586,1025.07,504.37,175.89,342.02,1,-1,-1,-1
12,588,494.95,390.30,287.12,456.24,1,-1,-1,-1
13,582,780.93,435.17,241.43,508.66,1,-1,-1,-1
13,583,656.61,431.49,276.08,466.08,1,-1,-1,-1
13,584,1360.34,434.97,222.08,441.57,1,-1,-1,-1
13,585,1115.01,413.26,253.80,516.51,1,-1,-1,-1
13,586,1020.00,507.15,181.18,339.52,1,-1,-1,-1
13,588,535.87,436.69,268.16,418.29,1,-1,-1,-1
14,589,902.03,513.51,163.61,356.70,1,-1,-1,-1
14,582,795.50,433.13,205.62,509.52,1,-1,-1,-1
14,583,662.58,465.02,261.18,429.27,1,-1,-1,-1
14,584,1371.34,392.47,216.01,486.51,1,-1,-1,-1
14,585,1115.66,418.64,251.30,511.00,1,-1,-1,-1
14,586,1025.32,506.68,171.85,342.02,1,-1,-1,-1
14,588,555.08,431.51,247.81,425.82,1,-1,-1,-1
15,589,918.17,518.49,155.69,351.33,1,-1,-1,-1
15,582,799.68,435.24,184.98,504.76,1,-1,-1,-1
15,583,659.98,456.83,222.61,438.52,1,-1,-1,-1
15,584,1386.14,395.53,197.78,481.34,1,-1,-1,-1
15,585,1118.64,424.64,245.03,501.10,1,-1,-1,-1
15,587,1006.04,506.46,207.16,337.92,1,-1,-1,-1
15,588,570.37,470.25,226.66,378.20,1,-1,-1,-1
16,589,915.67,525.87,155.47,343.60,1,-1,-1,-1
16,582,799.42,440.76,185.32,499.92,1,-1,-1,-1
16,583,650.94,492.64,215.38,403.19,1,-1,-1,-1
16,584,1392.30,409.49,205.97,467.17,1,-1,-1,-1
16,585,1118.79,352.35,242.88,572.98,1,-1,-1,-1
16,586,1028.58,510.86,152.70,332.16,1,-1,-1,-1
16,587,1009.72,511.10,180.87,331.07,1,-1,-1,-1
16,588,539.42,494.42,269.54,354.96,1,-1,-1,-1
17,589,912.98,527.11,155.16,342.84,1,-1,-1,-1
17,582,799.35,441.95,182.34,501.65,1,-1,-1,-1
17,583,622.81,495.94,222.97,399.83,1,-1,-1,-1
17,584,1396.98,397.06,211.92,481.20,1,-1,-1,-1
17,585,1121.16,404.41,237.69,523.51,1,-1,-1,-1
17,587,1006.66,510.01,176.01,329.75,1,-1,-1,-1
17,588,503.89,495.05,286.63,353.34,1,-1,-1,-1
18,589,907.13,527.51,166.31,340.30,1,-1,-1,-1
18,582,797.29,443.04,278.32,502.45,1,-1,-1,-1
18,583,604.29,495.86,233.33,399.97,1,-1,-1,-1
18,584,1388.07,403.78,226.71,474.30,1,-1,-1,-1
18,585,1123.51,428.19,234.49,499.58,1,-1,-1,-1
18,586,1018.94,510.38,156.38,329.87,1,-1,-1,-1
18,587,1008.44,510.29,168.11,329.58,1,-1,-1,-1
18,588,525.28,495.37,270.42,350.54,1,-1,-1,-1
19,589,899.61,526.67,166.51,343.96,1,-1,-1,-1
19,582,794.50,443.74,209.34,503.23,1,-1,-1,-1
19,583,590.96,495.88,235.48,401.10,1,-1,-1,-1
19,584,1384.72,465.21,236.92,411.02,1,-1,-1,-1
19,585,1122.15,434.16,238.11,493.78,1,-1,-1,-1
19,586,1020.19,510.51,154.12,332.25,1,-1,-1,-1
19,588,525.69,496.66,284.25,352.26,1,-1,-1,-1
20,589,898.23,526.95,177.45,358.13,1,-1,-1,-1
20,582,798.45,444.05,189.01,503.09,1,-1,-1,-1
20,583,576.40,493.92,236.01,405.14,1,-1,-1,-1
20,584,1397.46,410.39,228.57,467.79,1,-1,-1,-1
20,585,1127.40,436.66,232.57,492.82,1,-1,-1,-1
20,586,1009.82,510.70,174.67,334.26,1,-1,-1,-1
20,587,1005.89,510.51,179.92,334.15,1,-1,-1,-1
20,588,528.59,494.70,259.24,349.74,1,-1,-1,-1
21,589,895.12,527.69,177.23,356.65,1,-1,-1,-1
21,582,796.45,443.59,226.09,528.32,1,-1,-1,-1
21,583,574.43,489.91,250.61,407.36,1,-1,-1,-1
21,584,1399.65,395.61,233.22,482.02,1,-1,-1,-1
21,585,1127.73,436.63,258.54,493.03,1,-1,-1,-1
21,586,1008.89,509.54,175.87,331.30,1,-1,-1,-1
21,587,1008.46,509.45,177.50,331.14,1,-1,-1,-1
21,588,545.83,490.05,246.82,355.06,1,-1,-1,-1
22,589,903.58,523.52,163.76,353.74,1,-1,-1,-1
22,582,724.01,441.38,386.75,606.73,1,-1,-1,-1
22,583,550.27,486.41,261.55,410.70,1,-1,-1,-1
22,584,1386.89,403.46,252.45,473.63,1,-1,-1,-1
22,585,1129.06,435.72,267.57,492.97,1,-1,-1,-1
22,586,1013.49,507.94,170.00,336.29,1,-1,-1,-1
22,588,550.35,486.75,244.05,360.28,1,-1,-1,-1
23,589,899.59,521.64,170.46,353.38,1,-1,-1,-1
23,582,661.89,440.66,508.44,614.36,1,-1,-1,-1
23,583,538.64,481.65,264.48,416.65,1,-1,-1,-1
23,584,1390.17,411.59,216.57,468.70,1,-1,-1,-1
23,585,1127.98,429.87,260.41,500.47,1,-1,-1,-1
23,586,1009.51,506.27,174.42,339.91,1,-1,-1,-1
23,588,559.65,483.00,248.80,368.06,1,-1,-1,-1
24,589,901.46,516.36,166.84,361.90,1,-1,-1,-1
24,582,657.60,438.53,467.74,557.13,1,-1,-1,-1
24,583,543.97,473.41,273.70,425.09,1,-1,-1,-1
24,584,1391.57,401.22,257.97,478.41,1,-1,-1,-1
24,585,1128.45,423.61,268.54,504.24,1,-1,-1,-1
24,586,1016.79,501.54,168.73,348.38,1,-1,-1,-1
24,588,574.25,482.54,219.09,368.17,1,-1,-1,-1
25,589,907.21,508.93,161.10,386.98,1,-1,-1,-1
25,582,747.04,432.48,324.24,522.42,1,-1,-1,-1
25,583,543.52,465.91,278.99,430.16,1,-1,-1,-1
25,584,1391.93,401.81,278.32,479.63,1,-1,-1,-1
25,585,1129.37,421.27,246.05,511.10,1,-1,-1,-1
25,586,1014.46,497.09,171.18,355.96,1,-1,-1,-1
25,588,565.64,468.19,234.33,384.62,1,-1,-1,-1
26,589,913.38,504.76,157.56,387.28,1,-1,-1,-1
26,582,737.46,427.15,298.40,524.40,1,-1,-1,-1
26,583,529.73,462.23,267.90,436.11,1,-1,-1,-1
26,584,1392.90,459.71,294.07,418.18,1,-1,-1,-1
26,585,1132.43,418.04,236.54,514.80,1,-1,-1,-1
26,586,1020.83,493.99,157.37,355.30,1,-1,-1,-1
26,588,564.35,463.77,208.19,387.72,1,-1,-1,-1
27,589,904.41,497.30,174.06,382.41,1,-1,-1,-1
27,582,777.09,422.37,238.56,529.37,1,-1,-1,-1
27,583,523.71,456.06,266.20,444.25,1,-1,-1,-1
27,584,1391.83,418.54,312.17,466.09,1,-1,-1,-1
27,585,1130.88,417.64,429.85,531.55,1,-1,-1,-1
27,586,1022.46,490.68,159.28,364.33,1,-1,-1,-1
27,588,575.39,458.90,185.92,391.96,1,-1,-1,-1
28,589,891.87,481.67,184.09,397.42,1,-1,-1,-1
28,582,791.91,414.68,212.06,538.21,1,-1,-1,-1
28,583,522.42,441.05,291.75,454.26,1,-1,-1,-1
28,584,1395.65,407.82,319.45,474.35,1,-1,-1,-1
28,585,1131.72,408.54,409.88,564.72,1,-1,-1,-1
28,586,1037.59,481.07,158.82,369.70,1,-1,-1,-1
28,588,578.11,442.16,173.68,408.93,1,-1,-1,-1
29,589,891.15,474.90,192.79,409.02,1,-1,-1,-1
29,582,792.13,410.50,210.48,545.25,1,-1,-1,-1
29,583,522.66,435.26,283.53,461.10,1,-1,-1,-1
29,584,1393.21,424.77,270.39,459.89,1,-1,-1,-1
29,585,1131.07,406.70,437.12,572.18,1,-1,-1,-1
29,586,1033.70,474.59,161.71,365.42,1,-1,-1,-1
29,588,578.75,434.96,167.87,416.02,1,-1,-1,-1
30,589,890.88,470.97,184.62,412.92,1,-1,-1,-1
30,582,793.89,403.69,208.90,552.81,1,-1,-1,-1
30,583,530.01,437.15,282.78,469.18,1,-1,-1,-1
30,584,1397.37,441.04,324.93,441.13,1,-1,-1,-1
30,585,1129.73,402.37,394.68,549.65,1,-1,-1,-1
30,586,1032.90,468.18,161.09,378.74,1,-1,-1,-1
30,588,578.48,434.90,166.98,416.98,1,-1,-1,-1
31,589,898.86,459.77,185.26,428.96,1,-1,-1,-1
31,582,792.18,393.92,214.64,564.22,1,-1,-1,-1
31,583,550.31,430.96,273.98,475.93,1,-1,-1,-1
31,584,1399.72,393.32,326.79,491.22,1,-1,-1,-1
31,585,1130.76,395.24,389.37,555.36,1,-1,-1,-1
31,586,1035.65,465.89,151.21,375.51,1,-1,-1,-1
31,588,581.80,432.71,164.73,418.43,1,-1,-1,-1
32,589,909.06,442.97,176.32,430.99,1,-1,-1,-1
32,582,795.79,366.66,324.03,598.08,1,-1,-1,-1
32,583,571.59,420.82,260.80,483.82,1,-1,-1,-1
32,584,1394.76,402.17,308.14,480.68,1,-1,-1,-1
32,585,1119.12,386.35,353.74,553.97,1,-1,-1,-1
32,586,1029.44,456.92,150.60,378.88,1,-1,-1,-1
32,588,582.68,420.94,164.47,426.51,1,-1,-1,-1
33,589,902.28,439.43,186.98,435.53,1,-1,-1,-1
33,582,775.74,353.74,321.94,604.01,1,-1,-1,-1
33,583,541.96,412.81,272.04,492.08,1,-1,-1,-1
33,584,1398.73,400.99,292.03,489.61,1,-1,-1,-1
33,585,1099.24,379.64,314.72,563.71,1,-1,-1,-1
33,586,1038.26,453.05,143.45,377.10,1,-1,-1,-1
33,588,577.30,415.49,166.30,439.94,1,-1,-1,-1
34,589,904.22,427.92,201.53,448.01,1,-1,-1,-1
34,582,742.51,345.15,368.95,613.22,1,-1,-1,-1
34,583,529.61,426.87,281.53,478.26,1,-1,-1,-1
34,584,1399.66,399.57,274.58,489.46,1,-1,-1,-1
34,585,1110.90,374.57,290.98,566.21,1,-1,-1,-1
34,586,1037.32,446.46,142.88,384.72,1,-1,-1,-1
34,588,574.48,434.02,168.94,429.27,1,-1,-1,-1
35,589,892.40,419.10,217.43,458.84,1,-1,-1,-1
35,582,734.06,339.12,406.41,620.76,1,-1,-1,-1
35,583,557.74,395.13,272.72,511.74,1,-1,-1,-1
35,584,1399.31,396.78,254.76,491.00,1,-1,-1,-1
35,585,1126.30,364.81,275.96,575.69,1,-1,-1,-1
35,586,1030.17,448.39,158.15,385.05,1,-1,-1,-1
35,588,566.54,404.00,188.25,449.10,1,-1,-1,-1
36,589,882.72,402.79,252.35,476.04,1,-1,-1,-1
36,582,778.43,336.06,301.00,627.58,1,-1,-1,-1
36,583,546.68,379.74,286.81,530.49,1,-1,-1,-1
36,584,1399.25,388.60,224.72,500.61,1,-1,-1,-1
36,585,1124.02,301.55,298.44,643.47,1,-1,-1,-1
36,586,1017.92,447.88,178.91,387.89,1,-1,-1,-1
36,587,1006.78,450.22,191.48,385.93,1,-1,-1,-1
36,588,544.19,381.09,210.47,480.94,1,-1,-1,-1
37,589,906.03,405.10,250.88,471.50,1,-1,-1,-1
37,582,775.34,330.33,264.81,634.27,1,-1,-1,-1
37,583,549.50,375.22,291.73,535.11,1,-1,-1,-1
37,584,1403.63,393.93,204.52,495.49,1,-1,-1,-1
37,585,1124.52,317.10,293.57,629.16,1,-1,-1,-1
37,586,1035.47,428.41,185.36,408.51,1,-1,-1,-1
37,587,1030.13,432.06,193.47,404.91,1,-1,-1,-1
37,588,515.00,364.36,232.94,498.23,1,-1,-1,-1
38,589,891.81,404.75,260.84,476.35,1,-1,-1,-1
38,582,775.30,330.14,274.05,637.58,1,-1,-1,-1
38,583,535.98,379.95,304.75,531.82,1,-1,-1,-1
38,584,1404.95,423.20,199.14,465.75,1,-1,-1,-1
38,585,1124.17,337.48,276.12,611.08,1,-1,-1,-1
38,586,1023.07,423.99,194.83,418.88,1,-1,-1,-1
38,587,1023.68,427.29,201.32,414.82,1,-1,-1,-1
38,588,503.31,368.45,241.80,493.35,1,-1,-1,-1
39,589,884.55,390.61,274.50,491.59,1,-1,-1,-1
39,582,776.18,305.90,269.85,661.90,1,-1,-1,-1
39,583,537.54,372.90,304.74,537.09,1,-1,-1,-1
39,584,1390.33,394.67,211.66,496.25,1,-1,-1,-1
39,585,1127.10,344.65,290.26,607.45,1,-1,-1,-1
39,586,997.12,424.09,206.03,417.00,1,-1,-1,-1
39,587,1034.21,433.65,214.01,408.19,1,-1,-1,-1
39,588,512.14,384.13,234.67,475.28,1,-1,-1,-1
40,582,774.57,279.03,297.08,692.49,1,-1,-1,-1
40,583,550.37,369.47,302.42,546.15,1,-1,-1,-1
40,584,1387.04,400.30,216.08,492.33,1,-1,-1,-1
40,585,1121.95,334.90,315.21,611.36,1,-1,-1,-1
40,588,527.33,383.49,226.47,475.48,1,-1,-1,-1
41,590,1238.07,468.18,188.44,369.60,1,-1,-1,-1
41,589,874.50,392.45,297.98,493.21,1,-1,-1,-1
41,582,776.04,263.97,306.62,708.17,1,-1,-1,-1
41,583,559.31,368.93,287.26,545.80,1,-1,-1,-1
41,584,1385.29,428.48,220.51,466.20,1,-1,-1,-1
41,585,1104.74,338.82,355.06,601.99,1,-1,-1,-1
41,586,990.55,413.30,200.63,430.14,1,-1,-1,-1
41,588,527.27,399.88,217.34,458.05,1,-1,-1,-1
42,590,1243.35,476.93,200.58,361.44,1,-1,-1,-1
42,589,850.82,390.93,288.91,495.75,1,-1,-1,-1
42,582,777.88,251.95,320.85,722.21,1,-1,-1,-1
42,583,559.17,367.44,279.50,547.63,1,-1,-1,-1
42,584,1386.07,419.74,235.26,476.50,1,-1,-1,-1
42,585,1108.42,331.95,371.88,604.74,1,-1,-1,-1
42,586,996.99,398.77,203.87,444.07,1,-1,-1,-1
42,588,533.95,445.86,213.59,417.72,1,-1,-1,-1
43,590,1242.66,481.32,190.99,361.52,1,-1,-1,-1
43,589,849.04,404.07,300.09,481.15,1,-1,-1,-1
43,582,779.48,242.81,291.65,731.04,1,-1,-1,-1
43,583,601.75,366.74,235.56,547.26,1,-1,-1,-1
43,584,1388.33,426.66,219.08,469.49,1,-1,-1,-1
43,585,1099.67,320.58,382.21,617.88,1,-1,-1,-1
43,586,1008.55,409.43,194.20,441.63,1,-1,-1,-1
43,588,537.73,441.95,207.83,418.12,1,-1,-1,-1
44,590,1246.12,486.03,188.82,356.49,1,-1,-1,-1
44,589,815.82,406.46,325.97,478.72,1,-1,-1,-1
44,582,778.37,233.71,293.31,747.54,1,-1,-1,-1
44,583,588.36,367.92,251.23,548.09,1,-1,-1,-1
44,584,1391.27,407.55,268.47,489.20,1,-1,-1,-1
44,585,1118.07,280.90,381.17,660.65,1,-1,-1,-1
44,586,997.85,407.18,196.97,470.43,1,-1,-1,-1
44,588,524.75,446.06,223.48,415.17,1,-1,-1,-1
45,590,1241.71,481.08,195.46,361.00,1,-1,-1,-1
45,589,786.58,382.95,355.76,504.11,1,-1,-1,-1
45,582,772.92,236.46,302.90,747.29,1,-1,-1,-1
45,583,575.02,337.73,260.40,579.44,1,-1,-1,-1
45,584,1390.03,394.44,234.48,502.13,1,-1,-1,-1
45,585,1100.87,265.36,420.73,678.36,1,-1,-1,-1
45,586,1001.72,392.64,185.83,484.87,1,-1,-1,-1
45,587,1028.60,411.10,224.05,434.29,1,-1,-1,-1
45,588,516.03,436.64,234.47,434.39,1,-1,-1,-1
46,590,1240.28,480.45,195.68,360.80,1,-1,-1,-1
46,589,769.38,373.93,371.45,513.26,1,-1,-1,-1
46,582,774.92,236.91,304.34,747.82,1,-1,-1,-1
46,583,589.44,340.64,247.85,577.04,1,-1,-1,-1
46,584,1392.49,382.77,231.36,514.54,1,-1,-1,-1
46,585,1109.01,247.33,421.18,695.30,1,-1,-1,-1
46,586,999.98,400.95,179.43,480.88,1,-1,-1,-1
46,587,1017.61,411.43,224.89,434.03,1,-1,-1,-1
46,588,504.73,418.84,249.17,447.39,1,-1,-1,-1
47,590,1240.21,484.70,193.59,355.01,1,-1,-1,-1
47,589,770.49,338.12,377.65,556.64,1,-1,-1,-1
47,582,775.26,242.97,300.95,741.96,1,-1,-1,-1
47,583,597.08,354.28,249.55,562.59,1,-1,-1,-1
47,584,1386.11,378.38,260.84,519.90,1,-1,-1,-1
47,585,1100.85,235.17,432.60,707.16,1,-1,-1,-1
47,586,1004.64,393.68,172.20,488.63,1,-1,-1,-1
47,587,1012.84,426.37,239.30,418.78,1,-1,-1,-1
47,588,507.72,418.42,247.24,455.32,1,-1,-1,-1
48,590,1238.66,468.90,197.62,374.04,1,-1,-1,-1
48,589,761.23,329.90,399.95,565.16,1,-1,-1,-1
48,582,769.16,248.01,320.87,737.77,1,-1,-1,-1
48,583,581.96,356.55,262.52,560.31,1,-1,-1,-1
48,584,1405.72,370.45,324.97,528.38,1,-1,-1,-1
48,585,1108.06,223.03,400.43,718.23,1,-1,-1,-1
48,586,1000.72,410.06,174.27,474.06,1,-1,-1,-1
48,587,1012.86,441.88,243.53,405.52,1,-1,-1,-1
48,588,516.04,408.44,241.92,442.33,1,-1,-1,-1
49,590,1236.09,454.07,192.95,387.96,1,-1,-1,-1
49,589,744.56,304.11,424.03,595.36,1,-1,-1,-1
49,582,762.51,257.49,317.81,724.13,1,-1,-1,-1
49,583,600.36,364.26,243.78,554.43,1,-1,-1,-1
49,584,1402.25,388.89,322.20,509.16,1,-1,-1,-1
49,585,1125.66,219.32,385.40,724.18,1,-1,-1,-1
49,586,995.03,415.79,172.53,467.26,1,-1,-1,-1
49,587,1006.77,439.95,238.76,410.18,1,-1,-1,-1
49,588,515.54,410.91,243.21,439.70,1,-1,-1,-1
50,590,1234.06,442.87,188.25,395.52,1,-1,-1,-1
50,589,704.76,299.02,442.34,579.24,1,-1,-1,-1
50,582,759.66,242.63,311.57,737.31,1,-1,-1,-1
50,583,624.28,372.00,219.36,546.39,1,-1,-1,-1
50,584,1399.05,374.87,324.58,522.11,1,-1,-1,-1
50,585,1127.90,236.50,382.52,705.03,1,-1,-1,-1
50,586,994.38,425.04,166.52,456.72,1,-1,-1,-1
50,587,1002.81,442.78,213.75,405.41,1,-1,-1,-1
50,588,518.48,420.10,243.69,429.07,1,-1,-1,-1
51,590,1227.80,435.99,180.19,400.97,1,-1,-1,-1
51,589,683.20,311.82,451.78,586.10,1,-1,-1,-1
51,582,753.85,271.78,307.60,705.41,1,-1,-1,-1
51,583,638.07,371.10,204.80,546.40,1,-1,-1,-1
51,584,1380.58,374.80,350.82,521.41,1,-1,-1,-1
51,585,1114.33,264.98,413.32,674.74,1,-1,-1,-1
51,586,996.97,434.83,160.58,445.65,1,-1,-1,-1
51,587,1010.45,461.01,178.31,385.81,1,-1,-1,-1
51,588,510.16,388.34,250.74,463.18,1,-1,-1,-1
52,590,1221.54,435.87,179.49,405.24,1,-1,-1,-1
52,589,647.55,319.69,486.53,590.17,1,-1,-1,-1
52,582,742.21,310.73,321.25,662.39,1,-1,-1,-1
52,583,644.49,370.34,198.08,547.12,1,-1,-1,-1
52,584,1381.92,366.59,340.53,530.17,1,-1,-1,-1
52,585,1104.08,263.31,367.12,678.58,1,-1,-1,-1
52,587,1011.44,468.49,174.59,385.01,1,-1,-1,-1
52,588,531.42,398.36,223.57,450.66,1,-1,-1,-1
53,590,1220.70,434.30,177.20,408.43,1,-1,-1,-1
53,582,729.44,289.97,339.53,680.82,1,-1,-1,-1
53,583,645.36,365.72,201.43,550.47,1,-1,-1,-1
53,584,1366.28,367.49,335.64,528.23,1,-1,-1,-1
53,585,1082.23,257.72,378.01,684.51,1,-1,-1,-1
53,587,1003.99,467.54,180.51,395.81,1,-1,-1,-1
53,588,550.34,398.95,201.67,451.53,1,-1,-1,-1
54,590,1224.88,435.01,172.32,409.48,1,-1,-1,-1
54,582,732.08,307.86,335.55,660.92,1,-1,-1,-1
54,583,648.32,379.43,205.73,536.92,1,-1,-1,-1
54,584,1352.89,368.47,321.70,526.07,1,-1,-1,-1
54,585,1097.00,243.98,332.17,698.92,1,-1,-1,-1
54,586,996.73,457.62,167.51,421.19,1,-1,-1,-1
54,587,1001.18,472.72,174.69,376.81,1,-1,-1,-1
54,588,552.64,392.79,193.48,454.96,1,-1,-1,-1
55,590,1219.52,442.58,175.71,402.36,1,-1,-1,-1
55,589,668.77,334.41,444.01,571.19,1,-1,-1,-1
55,582,702.41,314.19,363.07,649.23,1,-1,-1,-1
55,583,649.26,383.53,200.07,532.28,1,-1,-1,-1
55,584,1335.39,361.88,322.38,532.46,1,-1,-1,-1
55,585,1074.83,233.05,328.08,708.07,1,-1,-1,-1
55,586,997.99,466.27,171.94,414.89,1,-1,-1,-1
55,587,1007.77,475.22,169.34,386.04,1,-1,-1,-1
55,588,571.93,396.32,179.22,451.18,1,-1,-1,-1
56,590,1215.80,453.29,177.67,387.11,1,-1,-1,-1
56,589,747.44,366.14,424.88,525.40,1,-1,-1,-1
56,582,715.58,360.61,356.40,601.29,1,-1,-1,-1
56,583,652.04,388.98,233.63,527.80,1,-1,-1,-1
56,584,1314.98,357.10,299.37,536.19,1,-1,-1,-1
56,585,1065.24,222.36,295.33,721.68,1,-1,-1,-1
56,587,1020.78,485.12,168.40,364.01,1,-1,-1,-1
56,588,585.75,385.86,170.45,463.25,1,-1,-1,-1
57,590,1218.70,468.71,174.15,374.99,1,-1,-1,-1
57,582,719.22,366.92,351.57,597.80,1,-1,-1,-1
57,583,651.89,395.40,227.90,521.74,1,-1,-1,-1
57,584,1311.13,344.96,284.10,548.13,1,-1,-1,-1
57,585,1062.26,218.81,291.84,722.43,1,-1,-1,-1
57,587,1034.70,481.63,170.46,365.57,1,-1,-1,-1
57,588,602.78,402.64,160.75,447.24,1,-1,-1,-1
58,590,1223.94,476.46,171.60,364.07,1,-1,-1,-1
58,582,726.32,370.77,362.41,595.98,1,-1,-1,-1
58,583,654.96,405.58,223.48,511.12,1,-1,-1,-1
58,584,1297.42,348.86,297.75,543.05,1,-1,-1,-1
58,585,1064.40,216.57,296.45,724.48,1,-1,-1,-1
58,586,1007.35,479.53,188.78,383.58,1,-1,-1,-1
58,587,1036.09,490.47,183.08,356.63,1,-1,-1,-1
58,588,603.80,404.35,157.45,444.17,1,-1,-1,-1
59,590,1270.19,473.66,194.23,370.57,1,-1,-1,-1
59,582,721.05,373.86,408.83,595.15,1,-1,-1,-1
59,583,655.30,409.01,205.68,504.62,1,-1,-1,-1
59,584,1285.19,362.94,307.31,529.51,1,-1,-1,-1
59,585,1076.19,228.06,281.04,712.93,1,-1,-1,-1
59,586,1017.33,494.98,202.37,353.76,1,-1,-1,-1
59,587,1029.90,495.76,187.92,352.03,1,-1,-1,-1
59,588,600.58,405.96,156.93,442.69,1,-1,-1,-1
60,590,1360.08,482.47,202.28,356.01,1,-1,-1,-1
60,589,729.84,397.63,445.12,488.00,1,-1,-1,-1
60,582,714.59,386.26,411.43,583.36,1,-1,-1,-1
60,583,658.73,419.36,197.10,491.28,1,-1,-1,-1
60,584,1286.63,386.47,300.62,504.91,1,-1,-1,-1
60,585,1083.94,262.52,273.41,675.84,1,-1,-1,-1
60,586,1024.87,502.47,185.75,345.63,1,-1,-1,-1
60,587,1028.63,503.79,170.70,345.90,1,-1,-1,-1
60,588,601.71,427.68,152.44,416.62,1,-1,-1,-1
61,582,700.47,395.45,405.04,576.96,1,-1,-1,-1
61,583,661.88,428.86,208.34,483.18,1,-1,-1,-1
61,584,1284.11,385.49,304.08,508.24,1,-1,-1,-1
61,585,1068.90,284.30,292.96,653.64,1,-1,-1,-1
61,587,1025.78,504.50,166.02,342.90,1,-1,-1,-1
61,588,601.39,437.68,158.42,413.48,1,-1,-1,-1
62,589,708.27,467.10,447.76,424.20,1,-1,-1,-1
62,582,706.26,404.07,338.12,569.10,1,-1,-1,-1
62,583,663.31,442.34,204.47,467.88,1,-1,-1,-1
62,584,1285.11,425.81,300.27,464.23,1,-1,-1,-1
62,585,1073.92,297.94,285.23,638.23,1,-1,-1,-1
62,587,1023.41,507.17,169.80,339.88,1,-1,-1,-1
62,588,600.25,432.58,165.86,416.06,1,-1,-1,-1
63,582,696.96,414.15,347.38,560.43,1,-1,-1,-1
63,583,663.72,444.32,219.35,465.63,1,-1,-1,-1
63,584,1292.04,431.76,292.08,459.47,1,-1,-1,-1
63,585,1073.62,329.48,295.68,611.88,1,-1,-1,-1
63,587,1022.98,504.95,175.16,344.20,1,-1,-1,-1
63,588,597.32,440.67,166.73,405.42,1,-1,-1,-1
64,590,1281.86,486.81,262.15,351.56,1,-1,-1,-1
64,582,715.57,431.09,326.57,540.69,1,-1,-1,-1
64,583,665.31,511.94,214.40,395.92,1,-1,-1,-1
64,584,1290.19,404.73,292.17,483.86,1,-1,-1,-1
64,585,1076.52,363.53,283.20,575.29,1,-1,-1,-1
64,587,1034.74,492.84,175.37,354.36,1,-1,-1,-1
64,588,602.90,457.24,177.76,388.58,1,-1,-1,-1
65,590,1255.98,513.74,332.49,325.68,1,-1,-1,-1
65,589,783.01,506.82,319.85,382.55,1,-1,-1,-1
65,582,730.63,438.13,316.76,531.74,1,-1,-1,-1
65,583,666.68,500.69,216.13,409.86,1,-1,-1,-1
65,584,1298.63,407.15,284.84,482.36,1,-1,-1,-1
65,585,1067.37,367.77,294.27,571.20,1,-1,-1,-1
65,587,1041.16,507.99,176.00,337.51,1,-1,-1,-1
65,588,586.49,464.22,195.34,383.58,1,-1,-1,-1
66,590,1186.88,510.18,286.35,327.56,1,-1,-1,-1
66,589,835.89,509.40,263.77,379.00,1,-1,-1,-1
66,582,726.46,444.98,329.33,521.93,1,-1,-1,-1
66,583,667.13,509.08,227.29,397.30,1,-1,-1,-1
66,584,1313.66,397.93,267.43,490.25,1,-1,-1,-1
66,585,1056.43,370.31,308.21,582.04,1,-1,-1,-1
66,587,1042.05,499.96,183.26,347.09,1,-1,-1,-1
66,588,596.13,468.31,193.52,380.29,1,-1,-1,-1
67,590,1215.01,514.03,177.36,321.66,1,-1,-1,-1
67,589,876.95,506.74,217.29,377.00,1,-1,-1,-1
67,582,740.62,451.72,314.68,509.84,1,-1,-1,-1
67,583,670.54,527.36,221.78,378.82,1,-1,-1,-1
67,584,1317.27,401.47,262.14,487.70,1,-1,-1,-1
67,585,1062.99,378.88,299.90,563.93,1,-1,-1,-1
67,587,1037.10,493.63,174.98,353.97,1,-1,-1,-1
67,588,601.72,471.30,188.24,375.90,1,-1,-1,-1
68,590,1226.44,515.38,154.69,320.58,1,-1,-1,-1
68,589,914.07,505.23,205.16,374.70,1,-1,-1,-1
68,582,762.36,459.89,318.19,494.75,1,-1,-1,-1
68,583,671.55,534.91,215.81,367.92,1,-1,-1,-1
68,584,1315.33,408.49,258.96,479.39,1,-1,-1,-1
68,585,1064.36,393.77,300.78,551.47,1,-1,-1,-1
68,587,1026.37,509.64,168.78,338.99,1,-1,-1,-1
68,588,591.14,479.10,203.14,365.29,1,-1,-1,-1
69,590,1226.44,514.85,151.78,320.97,1,-1,-1,-1
69,589,934.52,507.02,187.90,370.64,1,-1,-1,-1
69,582,773.02,463.42,291.83,488.49,1,-1,-1,-1
69,583,670.74,527.90,212.85,375.22,1,-1,-1,-1
69,584,1319.99,408.73,252.08,478.41,1,-1,-1,-1
69,585,1081.29,399.81,288.44,537.53,1,-1,-1,-1
69,586,1032.71,507.98,175.57,343.58,1,-1,-1,-1
69,587,1023.62,508.08,169.52,348.53,1,-1,-1,-1
69,588,592.79,482.04,187.83,367.63,1,-1,-1,-1
70,590,1234.64,514.22,142.77,317.66,1,-1,-1,-1
70,589,937.31,508.24,181.36,363.78,1,-1,-1,-1
70,582,773.35,467.26,243.38,477.41,1,-1,-1,-1
70,583,672.30,517.49,211.52,385.54,1,-1,-1,-1
70,584,1320.85,408.87,246.86,476.98,1,-1,-1,-1
70,585,1096.24,407.96,268.08,530.99,1,-1,-1,-1
70,587,1026.68,505.76,160.29,339.59,1,-1,-1,-1
70,588,597.97,481.29,184.04,379.84,1,-1,-1,-1
71,590,1240.16,513.75,138.08,316.94,1,-1,-1,-1
71,589,935.89,507.39,179.00,359.99,1,-1,-1,-1
71,582,782.61,467.07,290.29,479.70,1,-1,-1,-1
71,583,671.11,527.00,205.75,374.19,1,-1,-1,-1
71,584,1329.75,461.76,237.54,425.13,1,-1,-1,-1
71,585,1102.51,413.47,285.04,527.82,1,-1,-1,-1
71,587,1031.86,504.70,146.57,336.36,1,-1,-1,-1
71,588,594.68,494.73,192.34,361.48,1,-1,-1,-1
72,590,1236.33,510.99,159.82,320.49,1,-1,-1,-1
72,589,935.66,506.85,159.02,367.52,1,-1,-1,-1
72,582,809.92,465.66,294.76,484.76,1,-1,-1,-1
72,583,671.53,527.45,207.66,374.66,1,-1,-1,-1
72,584,1321.81,464.71,239.22,421.20,1,-1,-1,-1
72,585,1101.92,428.08,272.40,510.21,1,-1,-1,-1
72,587,1033.61,499.66,138.99,346.02,1,-1,-1,-1
72,588,588.40,506.26,184.16,341.46,1,-1,-1,-1
73,590,1225.18,512.50,171.95,317.26,1,-1,-1,-1
73,589,940.54,508.88,157.11,363.89,1,-1,-1,-1
73,582,820.00,460.24,284.22,492.50,1,-1,-1,-1
73,583,669.25,523.52,213.33,377.84,1,-1,-1,-1
73,584,1319.91,465.23,239.45,420.28,1,-1,-1,-1
73,585,1099.02,434.81,263.53,509.00,1,-1,-1,-1
73,587,1030.26,497.61,144.45,346.19,1,-1,-1,-1
73,588,595.09,507.47,190.30,339.08,1,-1,-1,-1
74,590,1221.44,508.95,174.96,325.29,1,-1,-1,-1
74,589,934.87,506.84,164.70,367.61,1,-1,-1,-1
74,582,818.33,452.71,294.89,500.13,1,-1,-1,-1
74,583,671.77,526.36,217.97,375.59,1,-1,-1,-1
74,584,1323.23,466.51,233.83,419.35,1,-1,-1,-1
74,585,1097.09,438.79,257.77,498.00,1,-1,-1,-1
74,587,1028.11,496.94,148.42,349.78,1,-1,-1,-1
74,588,592.07,510.89,203.14,335.07,1,-1,-1,-1
75,590,1227.63,509.56,171.32,323.81,1,-1,-1,-1
75,589,934.30,507.13,157.61,367.69,1,-1,-1,-1
75,582,803.47,446.07,305.11,505.73,1,-1,-1,-1
75,583,670.31,526.78,220.32,376.31,1,-1,-1,-1
75,584,1321.57,466.09,242.11,419.17,1,-1,-1,-1
75,585,1085.93,442.23,254.28,496.54,1,-1,-1,-1
75,588,593.93,509.42,204.43,339.31,1,-1,-1,-1
76,590,1218.96,511.44,183.52,322.32,1,-1,-1,-1
76,589,929.35,501.37,173.71,394.32,1,-1,-1,-1
76,582,803.93,428.67,299.68,515.06,1,-1,-1,-1
76,583,661.20,520.57,227.80,382.58,1,-1,-1,-1
76,584,1316.42,464.71,260.19,421.57,1,-1,-1,-1
76,585,1091.33,443.72,251.89,489.04,1,-1,-1,-1
76,588,599.56,500.83,198.05,347.85,1,-1,-1,-1
77,590,1218.21,508.02,185.01,335.59,1,-1,-1,-1
77,589,910.30,499.56,187.36,400.40,1,-1,-1,-1
77,582,803.13,419.48,308.20,526.78,1,-1,-1,-1
77,583,664.85,517.21,225.33,385.64,1,-1,-1,-1
77,584,1314.45,463.06,263.78,422.36,1,-1,-1,-1
77,585,1107.52,443.72,236.23,492.33,1,-1,-1,-1
77,587,1003.14,487.06,174.41,355.60,1,-1,-1,-1
77,588,592.28,496.08,197.08,352.65,1,-1,-1,-1
78,590,1210.36,510.07,188.50,329.68,1,-1,-1,-1
78,589,895.14,498.47,194.86,398.78,1,-1,-1,-1
78,582,797.29,412.79,319.13,544.48,1,-1,-1,-1
78,583,673.43,507.20,223.09,397.80,1,-1,-1,-1
78,584,1325.90,464.58,255.09,418.56,1,-1,-1,-1
78,585,1098.56,441.81,240.62,492.92,1,-1,-1,-1
78,587,995.63,485.25,181.29,357.42,1,-1,-1,-1
78,588,595.03,494.50,185.50,353.37,1,-1,-1,-1
79,590,1208.78,511.40,189.21,325.64,1,-1,-1,-1
79,589,844.92,485.14,217.56,410.34,1,-1,-1,-1
79,582,769.14,404.74,347.66,548.61,1,-1,-1,-1
79,583,672.26,516.49,228.27,389.06,1,-1,-1,-1
79,584,1346.87,464.55,239.22,422.33,1,-1,-1,-1
79,585,1089.20,441.32,244.76,490.71,1,-1,-1,-1
79,587,982.38,486.11,194.71,358.74,1,-1,-1,-1
79,588,599.73,487.06,180.83,356.00,1,-1,-1,-1
80,590,1215.16,509.96,184.39,330.24,1,-1,-1,-1
80,589,796.85,480.57,247.20,426.03,1,-1,-1,-1
80,582,773.26,393.16,350.78,558.58,1,-1,-1,-1
80,583,661.42,478.84,230.12,421.83,1,-1,-1,-1
80,584,1360.94,458.65,226.74,427.61,1,-1,-1,-1
80,585,1080.97,434.36,255.51,498.85,1,-1,-1,-1
80,587,950.24,480.49,197.53,382.61,1,-1,-1,-1
80,588,583.63,480.68,183.74,369.96,1,-1,-1,-1
81,590,1214.57,508.33,189.30,326.12,1,-1,-1,-1
81,589,732.29,477.42,314.41,425.41,1,-1,-1,-1
81,582,765.29,391.60,363.24,553.03,1,-1,-1,-1
81,583,589.86,460.54,303.61,441.82,1,-1,-1,-1
81,584,1357.99,460.95,234.38,422.39,1,-1,-1,-1
81,585,1090.39,429.10,293.46,503.32,1,-1,-1,-1
81,586,995.57,483.82,183.44,366.03,1,-1,-1,-1
81,587,913.68,466.64,235.39,403.17,1,-1,-1,-1
81,588,575.67,481.09,198.25,380.09,1,-1,-1,-1
82,590,1207.12,509.02,197.23,324.73,1,-1,-1,-1
82,589,737.30,460.33,311.12,442.64,1,-1,-1,-1
82,582,745.55,390.06,380.61,554.82,1,-1,-1,-1
82,583,573.87,459.14,310.78,443.96,1,-1,-1,-1
82,584,1357.04,458.29,238.59,425.10,1,-1,-1,-1
82,585,1106.72,426.36,271.67,505.94,1,-1,-1,-1
82,586,998.22,481.28,182.31,382.89,1,-1,-1,-1
82,587,916.83,470.08,228.97,396.99,1,-1,-1,-1
82,588,566.29,492.42,209.27,336.12,1,-1,-1,-1
83,590,1213.98,510.20,186.09,322.20,1,-1,-1,-1
83,589,746.48,453.67,308.56,427.17,1,-1,-1,-1
83,582,728.44,390.11,394.33,549.96,1,-1,-1,-1
83,583,562.30,449.87,317.06,447.52,1,-1,-1,-1
83,584,1354.34,458.64,243.22,422.07,1,-1,-1,-1
83,585,1114.17,423.02,276.79,508.14,1,-1,-1,-1
83,586,969.36,470.13,204.12,383.42,1,-1,-1,-1
83,587,904.07,467.86,196.44,394.05,1,-1,-1,-1
83,588,570.13,470.36,229.88,374.83,1,-1,-1,-1
84,590,1227.58,508.00,170.61,324.33,1,-1,-1,-1
84,589,738.56,455.59,313.21,417.23,1,-1,-1,-1
84,582,708.97,390.47,398.38,550.97,1,-1,-1,-1
84,583,557.89,441.18,328.54,454.23,1,-1,-1,-1
84,584,1352.44,457.78,245.03,424.49,1,-1,-1,-1
84,585,1087.71,414.55,315.18,517.85,1,-1,-1,-1
84,586,971.89,492.58,195.69,361.41,1,-1,-1,-1
84,587,893.48,465.42,188.78,403.33,1,-1,-1,-1
84,588,582.90,465.95,215.87,378.26,1,-1,-1,-1
85,590,1228.61,511.31,147.81,319.52,1,-1,-1,-1
85,589,738.86,448.16,312.64,421.03,1,-1,-1,-1
85,582,661.40,393.00,446.58,546.01,1,-1,-1,-1
85,583,557.50,435.60,315.53,464.77,1,-1,-1,-1
85,584,1341.99,457.77,259.36,423.88,1,-1,-1,-1
85,585,1088.99,407.77,320.15,522.80,1,-1,-1,-1
85,586,983.74,492.80,185.33,352.53,1,-1,-1,-1
85,587,882.57,461.34,180.75,406.08,1,-1,-1,-1
85,588,578.72,485.28,208.74,359.06,1,-1,-1,-1
86,590,1224.13,507.61,142.02,325.15,1,-1,-1,-1
86,589,732.85,450.57,318.91,422.42,1,-1,-1,-1
86,582,684.16,393.01,428.47,547.33,1,-1,-1,-1
86,583,538.88,439.27,316.78,460.92,1,-1,-1,-1
86,584,1349.51,456.42,250.68,425.31,1,-1,-1,-1
86,585,1073.28,402.03,341.75,531.56,1,-1,-1,-1
86,586,982.48,489.14,184.06,357.12,1,-1,-1,-1
86,587,864.00,455.62,190.31,415.92,1,-1,-1,-1
86,588,579.66,495.90,196.33,349.38,1,-1,-1,-1
87,590,1223.26,498.77,137.69,335.34,1,-1,-1,-1
87,589,722.20,457.51,332.12,412.91,1,-1,-1,-1
87,582,571.51,393.19,534.94,545.27,1,-1,-1,-1
87,583,550.98,431.99,301.70,467.70,1,-1,-1,-1
87,584,1348.41,459.78,253.99,422.60,1,-1,-1,-1
87,585,1054.40,398.74,364.11,525.09,1,-1,-1,-1
87,586,972.09,486.71,191.19,352.45,1,-1,-1,-1
87,587,848.79,460.27,196.83,408.63,1,-1,-1,-1
87,588,582.15,499.64,189.25,340.03,1,-1,-1,-1
88,590,1225.43,509.61,161.91,322.57,1,-1,-1,-1
88,589,726.49,459.22,335.83,414.20,1,-1,-1,-1
88,582,574.89,394.88,534.92,547.29,1,-1,-1,-1
88,583,544.85,441.57,322.75,458.70,1,-1,-1,-1
88,584,1341.67,456.18,263.80,426.07,1,-1,-1,-1
88,585,1051.67,393.57,387.04,520.29,1,-1,-1,-1
88,586,973.77,482.73,190.47,358.45,1,-1,-1,-1
88,587,843.13,463.05,206.74,407.99,1,-1,-1,-1
88,588,572.92,505.82,195.74,329.87,1,-1,-1,-1
89,590,1226.12,508.09,168.95,326.40,1,-1,-1,-1
89,589,720.77,447.74,346.08,426.06,1,-1,-1,-1
89,582,571.24,396.98,547.44,544.54,1,-1,-1,-1
89,583,541.14,440.34,338.33,456.47,1,-1,-1,-1
89,584,1305.22,463.22,300.32,418.40,1,-1,-1,-1
89,585,1053.71,393.31,379.34,524.14,1,-1,-1,-1
89,586,969.92,481.55,190.83,358.54,1,-1,-1,-1
89,587,833.40,456.63,213.86,413.76,1,-1,-1,-1
89,588,543.33,497.66,237.24,339.80,1,-1,-1,-1
90,590,1226.71,512.25,163.19,320.15,1,-1,-1,-1
90,589,711.92,445.17,342.31,428.45,1,-1,-1,-1
90,582,583.27,396.02,523.77,546.16,1,-1,-1,-1
90,583,535.19,436.12,357.10,463.88,1,-1,-1,-1
90,584,1277.38,465.83,330.49,417.03,1,-1,-1,-1
90,585,1055.32,395.49,379.86,526.19,1,-1,-1,-1
90,586,976.75,487.10,183.30,353.42,1,-1,-1,-1
90,587,817.62,451.89,223.41,419.36,1,-1,-1,-1
90,588,540.26,491.93,246.79,348.23,1,-1,-1,-1
91,590,1224.48,511.79,163.92,323.06,1,-1,-1,-1
91,589,706.47,441.50,343.60,427.64,1,-1,-1,-1
91,582,679.38,397.26,450.38,542.60,1,-1,-1,-1
91,583,537.83,430.23,377.36,471.53,1,-1,-1,-1
91,584,1272.92,466.87,327.67,416.69,1,-1,-1,-1
91,585,1060.81,396.86,370.77,523.58,1,-1,-1,-1
91,586,970.89,485.58,181.44,355.04,1,-1,-1,-1
91,587,802.40,440.04,235.40,429.80,1,-1,-1,-1
91,588,538.08,490.72,244.64,353.67,1,-1,-1,-1
92,590,1222.26,511.72,169.71,321.95,1,-1,-1,-1
92,589,699.76,445.17,340.01,423.39,1,-1,-1,-1
92,582,736.56,399.69,373.35,543.66,1,-1,-1,-1
92,583,545.28,418.48,377.73,477.93,1,-1,-1,-1
92,584,1296.45,465.59,316.01,417.48,1,-1,-1,-1
92,585,1052.90,398.48,354.09,513.85,1,-1,-1,-1
92,586,976.38,478.42,173.63,362.09,1,-1,-1,-1
92,587,810.57,452.92,237.14,416.38,1,-1,-1,-1
92,588,530.72,476.53,245.14,367.08,1,-1,-1,-1
93,590,1224.38,504.21,169.26,329.29,1,-1,-1,-1
93,589,736.64,428.77,323.77,445.96,1,-1,-1,-1
93,582,741.14,399.10,369.21,546.50,1,-1,-1,-1
93,583,559.30,398.43,382.64,495.90,1,-1,-1,-1
93,584,1307.47,453.65,303.01,427.64,1,-1,-1,-1
93,585,1052.10,400.27,357.71,511.81,1,-1,-1,-1
93,586,974.24,481.63,178.65,356.71,1,-1,-1,-1
93,587,825.82,438.50,245.05,432.23,1,-1,-1,-1
93,588,540.01,465.56,255.79,380.20,1,-1,-1,-1
94,590,1216.11,503.35,172.92,325.73,1,-1,-1,-1
94,582,755.59,401.57,351.55,538.28,1,-1,-1,-1
94,583,542.11,397.70,421.54,498.35,1,-1,-1,-1
94,584,1302.34,453.70,310.38,425.06,1,-1,-1,-1
94,585,1047.05,400.03,358.99,518.13,1,-1,-1,-1
94,586,975.50,480.90,178.04,358.02,1,-1,-1,-1
94,587,825.28,430.85,242.99,442.47,1,-1,-1,-1
94,588,539.47,456.14,258.30,387.30,1,-1,-1,-1
95,590,1228.65,502.03,161.10,331.36,1,-1,-1,-1
95,582,755.94,400.42,333.00,542.90,1,-1,-1,-1
95,583,544.65,398.00,402.62,498.13,1,-1,-1,-1
95,584,1326.80,449.95,293.78,433.82,1,-1,-1,-1
95,585,1043.58,399.41,365.88,522.57,1,-1,-1,-1
95,586,974.08,482.80,175.10,358.49,1,-1,-1,-1
95,587,827.67,424.72,239.57,448.56,1,-1,-1,-1
95,588,546.56,447.44,257.68,398.29,1,-1,-1,-1
96,590,1233.23,491.41,160.04,343.28,1,-1,-1,-1
96,589,751.46,420.62,308.68,456.69,1,-1,-1,-1
96,582,755.03,403.75,318.74,538.24,1,-1,-1,-1
96,583,555.97,391.97,392.17,501.93,1,-1,-1,-1
96,584,1341.57,452.30,268.17,428.37,1,-1,-1,-1
96,585,1043.59,397.61,360.45,527.27,1,-1,-1,-1
96,586,966.67,486.96,182.50,353.77,1,-1,-1,-1
96,587,835.04,418.37,228.12,456.22,1,-1,-1,-1
96,588,550.57,453.82,258.10,391.81,1,-1,-1,-1
97,590,1234.62,499.86,155.30,332.26,1,-1,-1,-1
97,589,753.47,416.35,302.93,459.11,1,-1,-1,-1
97,582,732.66,405.66,331.86,536.72,1,-1,-1,-1
97,583,554.32,391.55,411.29,501.40,1,-1,-1,-1
97,584,1336.48,460.18,250.90,418.78,1,-1,-1,-1
97,585,1039.63,397.20,363.10,531.97,1,-1,-1,-1
97,586,968.95,491.57,174.31,348.08,1,-1,-1,-1
97,587,819.10,414.16,240.03,460.73,1,-1,-1,-1
97,588,551.56,447.38,257.19,397.33,1,-1,-1,-1
98,590,1232.45,505.14,156.89,325.99,1,-1,-1,-1
98,582,734.25,401.90,338.75,539.72,1,-1,-1,-1
98,583,550.52,389.46,417.31,501.95,1,-1,-1,-1
98,584,1334.37,450.96,247.38,430.23,1,-1,-1,-1
98,585,1038.16,400.26,359.67,527.63,1,-1,-1,-1
98,586,962.20,490.11,174.27,349.89,1,-1,-1,-1
98,587,812.65,410.53,242.88,463.11,1,-1,-1,-1
98,588,550.32,435.74,262.59,409.54,1,-1,-1,-1
99,590,1237.60,501.65,154.10,329.94,1,-1,-1,-1
99,582,738.82,404.89,349.56,537.11,1,-1,-1,-1
99,583,554.07,385.28,423.79,505.04,1,-1,-1,-1
99,584,1345.18,450.88,244.32,429.72,1,-1,-1,-1
99,585,1033.07,396.13,363.91,534.02,1,-1,-1,-1
99,586,958.68,489.08,179.87,352.21,1,-1,-1,-1
99,587,807.87,410.93,253.68,462.51,1,-1,-1,-1
99,588,549.08,440.29,260.51,402.20,1,-1,-1,-1
100,590,1236.34,499.44,149.41,332.51,1,-1,-1,-1
100,589,758.54,410.59,308.12,464.23,1,-1,-1,-1
100,582,617.56,399.57,457.41,540.29,1,-1,-1,-1
100,583,562.24,389.18,437.29,497.42,1,-1,-1,-1
100,584,1343.13,445.40,257.99,435.83,1,-1,-1,-1
100,585,1021.68,397.15,369.41,528.57,1,-1,-1,-1
100,586,960.95,482.11,171.01,361.56,1,-1,-1,-1
100,587,809.72,404.87,250.59,469.58,1,-1,-1,-1
100,588,563.30,442.98,241.72,398.28,1,-1,-1,-1
101,590,1235.32,489.04,151.67,340.46,1,-1,-1,-1
101,589,755.39,403.06,306.46,469.05,1,-1,-1,-1
101,582,659.12,393.12,416.58,544.28,1,-1,-1,-1
101,583,561.27,394.01,441.15,493.03,1,-1,-1,-1
101,584,1334.31,448.48,272.24,431.96,1,-1,-1,-1
101,585,1022.39,396.94,364.28,530.90,1,-1,-1,-1
101,586,949.07,477.02,183.03,366.04,1,-1,-1,-1
101,587,794.86,390.20,260.89,482.86,1,-1,-1,-1
101,588,562.40,443.96,242.19,396.19,1,-1,-1,-1
102,590,1236.15,486.42,146.31,343.70,1,-1,-1,-1
102,589,758.00,393.90,314.90,478.71,1,-1,-1,-1
102,582,631.38,382.52,451.36,554.85,1,-1,-1,-1
102,583,562.80,385.88,435.13,498.65,1,-1,-1,-1
102,584,1323.47,450.81,255.46,429.07,1,-1,-1,-1
102,585,1020.51,395.87,364.51,528.11,1,-1,-1,-1
102,586,944.29,478.93,193.39,368.71,1,-1,-1,-1
102,587,774.35,380.84,267.65,492.97,1,-1,-1,-1
102,588,546.90,440.10,254.73,399.22,1,-1,-1,-1
103,590,1237.26,485.48,143.44,344.50,1,-1,-1,-1
103,589,756.47,387.55,323.07,483.49,1,-1,-1,-1
103,582,610.74,381.34,472.83,550.07,1,-1,-1,-1
103,583,559.94,390.61,443.68,494.37,1,-1,-1,-1
103,584,1323.16,452.28,253.07,427.26,1,-1,-1,-1
103,585,1017.12,396.72,364.65,526.27,1,-1,-1,-1
103,586,947.71,482.97,189.80,363.82,1,-1,-1,-1
103,587,764.07,383.31,284.31,494.12,1,-1,-1,-1
103,588,553.71,438.48,245.17,398.66,1,-1,-1,-1
104,590,1236.55,480.94,139.74,350.40,1,-1,-1,-1
104,582,608.18,382.94,434.23,549.66,1,-1,-1,-1
104,584,1280.64,449.14,283.90,431.25,1,-1,-1,-1
104,585,1003.40,398.82,361.53,523.83,1,-1,-1,-1
104,586,957.97,484.05,180.15,365.05,1,-1,-1,-1
104,587,730.43,381.23,297.49,498.75,1,-1,-1,-1
104,588,555.61,435.56,246.34,402.66,1,-1,-1,-1
105,590,1231.64,484.73,152.51,343.73,1,-1,-1,-1
105,589,732.33,396.91,350.30,472.52,1,-1,-1,-1
105,582,610.95,383.36,409.28,550.37,1,-1,-1,-1
105,583,555.92,392.92,457.49,492.07,1,-1,-1,-1
105,584,1289.83,444.25,282.41,434.69,1,-1,-1,-1
105,585,997.61,401.39,364.74,514.58,1,-1,-1,-1
105,586,954.76,480.52,179.83,372.91,1,-1,-1,-1
105,587,738.97,393.89,310.44,481.60,1,-1,-1,-1
105,588,556.35,438.64,246.54,397.80,1,-1,-1,-1
106,590,1233.80,482.70,155.40,347.49,1,-1,-1,-1
106,589,710.85,405.99,368.27,466.91,1,-1,-1,-1
106,582,615.42,381.39,391.18,547.53,1,-1,-1,-1
106,583,566.62,402.78,449.65,483.51,1,-1,-1,-1
106,584,1294.22,443.98,284.54,435.83,1,-1,-1,-1
106,585,990.19,405.19,367.54,512.92,1,-1,-1,-1
106,586,956.62,487.18,162.77,352.76,1,-1,-1,-1
106,587,720.43,402.96,332.41,474.47,1,-1,-1,-1
106,588,561.02,441.83,238.41,398.37,1,-1,-1,-1
107,590,1237.68,485.11,148.67,346.64,1,-1,-1,-1
107,589,646.20,430.03,427.27,446.06,1,-1,-1,-1
107,582,610.10,385.97,380.42,547.34,1,-1,-1,-1
107,583,552.91,437.58,445.22,444.63,1,-1,-1,-1
107,584,1296.00,443.00,274.58,438.41,1,-1,-1,-1
107,585,985.41,403.15,369.76,516.38,1,-1,-1,-1
107,586,950.62,480.66,159.31,361.69,1,-1,-1,-1
107,587,650.56,420.58,393.93,458.30,1,-1,-1,-1
107,588,563.14,441.25,234.12,397.43,1,-1,-1,-1
108,590,1241.29,501.87,141.44,332.84,1,-1,-1,-1
108,582,609.75,380.05,364.62,553.13,1,-1,-1,-1
108,584,1292.00,449.22,265.83,431.18,1,-1,-1,-1
108,585,970.19,401.78,352.26,522.87,1,-1,-1,-1
108,586,961.69,481.06,154.51,361.01,1,-1,-1,-1
108,588,563.05,443.59,234.97,394.84,1,-1,-1,-1
109,590,1229.03,494.83,159.89,343.68,1,-1,-1,-1
109,589,625.07,441.56,469.13,435.97,1,-1,-1,-1
109,582,610.62,381.74,353.76,545.29,1,-1,-1,-1
109,583,552.98,434.11,457.13,450.44,1,-1,-1,-1
109,584,1273.10,451.41,285.95,432.14,1,-1,-1,-1
109,585,913.17,403.24,400.50,520.94,1,-1,-1,-1
109,586,947.61,485.52,153.34,355.71,1,-1,-1,-1
109,587,628.74,440.03,446.55,437.12,1,-1,-1,-1
109,588,562.69,441.88,221.80,396.50,1,-1,-1,-1
110,590,1202.26,515.83,199.46,322.27,1,-1,-1,-1
110,589,627.99,462.17,487.26,415.75,1,-1,-1,-1
110,582,605.89,378.77,351.82,550.99,1,-1,-1,-1
110,583,576.20,455.12,410.04,428.91,1,-1,-1,-1
110,584,1258.36,445.35,293.08,440.53,1,-1,-1,-1
110,585,916.15,403.08,382.90,521.37,1,-1,-1,-1
110,586,937.54,485.24,173.89,357.01,1,-1,-1,-1
110,588,574.93,453.56,212.28,384.98,1,-1,-1,-1
111,591,1087.23,530.73,134.21,283.54,1,-1,-1,-1
111,590,1229.28,528.97,145.30,310.95,1,-1,-1,-1
111,582,606.96,381.59,337.09,549.20,1,-1,-1,-1
111,584,1253.83,444.52,293.97,443.24,1,-1,-1,-1
111,585,909.74,400.39,379.84,530.00,1,-1,-1,-1
111,586,932.58,479.63,172.69,356.77,1,-1,-1,-1
111,588,566.02,446.86,216.02,393.94,1,-1,-1,-1
112,591,1094.97,530.19,133.20,281.98,1,-1,-1,-1
112,590,1240.84,527.72,134.43,313.20,1,-1,-1,-1
112,582,606.81,387.15,304.84,538.80,1,-1,-1,-1
112,583,568.18,430.79,381.51,442.90,1,-1,-1,-1
112,584,1251.92,448.09,278.88,440.62,1,-1,-1,-1
112,585,932.82,398.29,347.13,537.21,1,-1,-1,-1
112,586,910.94,455.91,199.52,370.81,1,-1,-1,-1
112,588,551.38,447.21,204.02,392.09,1,-1,-1,-1
113,591,1093.20,530.39,133.94,283.06,1,-1,-1,-1
113,590,1230.51,530.79,138.13,308.46,1,-1,-1,-1
113,582,600.31,381.31,296.31,542.06,1,-1,-1,-1
113,583,572.60,438.68,331.16,438.14,1,-1,-1,-1
113,584,1250.51,446.20,270.32,442.77,1,-1,-1,-1
113,585,932.97,397.76,316.93,531.80,1,-1,-1,-1
113,586,921.74,411.32,258.00,419.69,1,-1,-1,-1
113,588,572.73,473.19,184.16,363.03,1,-1,-1,-1
114,591,1092.13,528.72,141.65,284.73,1,-1,-1,-1
114,590,1218.18,525.92,149.21,306.59,1,-1,-1,-1
114,589,608.27,439.88,518.53,429.38,1,-1,-1,-1
114,582,599.64,389.99,289.95,533.06,1,-1,-1,-1
114,584,1245.56,442.51,268.31,445.62,1,-1,-1,-1
114,585,922.86,401.69,308.30,526.78,1,-1,-1,-1
114,586,918.05,404.24,310.95,408.63,1,-1,-1,-1
114,587,631.22,438.01,442.98,430.41,1,-1,-1,-1
114,588,572.55,454.96,228.42,381.68,1,-1,-1,-1
115,591,1086.20,529.41,157.79,287.68,1,-1,-1,-1
115,590,1198.98,525.12,179.32,306.48,1,-1,-1,-1
115,582,591.59,394.12,293.23,529.35,1,-1,-1,-1
115,584,1244.50,440.37,258.59,448.34,1,-1,-1,-1
115,585,914.99,401.83,289.40,527.71,1,-1,-1,-1
115,586,916.57,412.52,325.43,459.76,1,-1,-1,-1
115,588,575.76,454.28,217.60,384.66,1,-1,-1,-1
116,591,1095.27,526.68,161.39,289.51,1,-1,-1,-1
116,590,1220.90,515.79,162.35,315.85,1,-1,-1,-1
116,589,656.87,434.79,512.41,432.94,1,-1,-1,-1
116,582,591.36,396.12,280.32,526.80,1,-1,-1,-1
116,584,1237.97,438.85,251.87,448.30,1,-1,-1,-1
116,585,861.45,395.26,321.52,531.64,1,-1,-1,-1
116,587,646.67,439.91,476.56,427.07,1,-1,-1,-1
116,588,592.83,442.46,237.57,396.65,1,-1,-1,-1
117,591,1091.50,520.55,176.41,296.80,1,-1,-1,-1
117,590,1224.64,490.41,153.80,345.13,1,-1,-1,-1
117,582,594.84,394.55,269.16,528.39,1,-1,-1,-1
117,583,609.44,452.82,290.72,384.84,1,-1,-1,-1
117,584,1233.52,437.95,251.89,453.59,1,-1,-1,-1
117,585,856.12,380.31,305.05,553.87,1,-1,-1,-1
117,587,691.16,443.95,471.96,417.95,1,-1,-1,-1
117,588,594.89,441.45,219.65,393.08,1,-1,-1,-1
118,591,1108.08,530.19,161.46,286.35,1,-1,-1,-1
118,590,1219.08,486.09,179.02,338.76,1,-1,-1,-1
118,582,589.36,398.24,269.79,525.86,1,-1,-1,-1
118,583,645.78,439.73,272.36,414.91,1,-1,-1,-1
118,584,1229.48,437.70,247.12,462.47,1,-1,-1,-1
118,585,872.69,376.75,271.32,558.00,1,-1,-1,-1
118,588,592.00,442.32,220.65,393.45,1,-1,-1,-1
119,591,1112.09,531.52,152.67,285.41,1,-1,-1,-1
119,590,1176.92,483.96,226.82,339.21,1,-1,-1,-1
119,582,589.65,395.10,272.83,526.43,1,-1,-1,-1
119,583,681.91,452.61,286.79,402.26,1,-1,-1,-1
119,584,1216.39,438.09,255.83,464.90,1,-1,-1,-1
119,585,874.32,388.62,266.18,546.58,1,-1,-1,-1
119,587,712.03,446.40,453.41,409.16,1,-1,-1,-1
119,588,591.58,440.53,238.60,393.53,1,-1,-1,-1
120,591,1112.29,530.05,150.31,286.45,1,-1,-1,-1
120,590,1148.00,498.98,239.97,325.49,1,-1,-1,-1
120,582,586.77,402.25,267.91,525.67,1,-1,-1,-1
120,584,1191.01,437.21,270.13,471.22,1,-1,-1,-1
120,585,875.03,376.08,245.45,556.47,1,-1,-1,-1
120,586,883.79,425.84,350.91,430.82,1,-1,-1,-1
120,587,762.75,443.99,387.18,413.57,1,-1,-1,-1
120,588,586.16,425.76,244.31,405.95,1,-1,-1,-1
121,591,1112.31,526.66,128.58,290.39,1,-1,-1,-1
121,582,587.23,404.30,264.44,519.00,1,-1,-1,-1
121,583,671.93,450.02,346.44,399.86,1,-1,-1,-1
121,584,1174.80,437.06,274.62,475.76,1,-1,-1,-1
121,585,849.74,373.85,278.00,558.00,1,-1,-1,-1
121,586,872.18,431.49,312.29,424.53,1,-1,-1,-1
121,587,803.63,434.75,351.52,420.85,1,-1,-1,-1
121,588,574.27,413.81,288.09,418.25,1,-1,-1,-1
122,591,1113.01,529.27,120.97,289.48,1,-1,-1,-1
122,590,1133.92,491.65,246.52,359.33,1,-1,-1,-1
122,582,587.26,405.35,257.08,515.59,1,-1,-1,-1
122,583,662.03,427.33,362.64,424.78,1,-1,-1,-1
122,584,1172.36,434.54,261.76,482.12,1,-1,-1,-1
122,585,834.83,379.44,289.60,547.82,1,-1,-1,-1
122,586,878.37,423.56,292.33,432.80,1,-1,-1,-1
122,587,810.96,412.16,356.70,445.55,1,-1,-1,-1
122,588,575.69,409.04,298.51,431.43,1,-1,-1,-1
123,591,1112.35,532.31,126.05,288.88,1,-1,-1,-1
123,590,1124.84,492.35,263.39,384.06,1,-1,-1,-1
123,582,593.37,412.75,240.37,506.93,1,-1,-1,-1
123,584,1146.60,429.81,286.05,491.89,1,-1,-1,-1
123,585,817.20,385.18,298.56,541.17,1,-1,-1,-1
123,586,882.87,429.47,290.23,427.56,1,-1,-1,-1
123,587,810.97,419.98,361.63,437.21,1,-1,-1,-1
123,588,576.65,419.73,279.86,415.72,1,-1,-1,-1
124,591,1123.57,521.36,132.72,299.79,1,-1,-1,-1
124,590,1149.05,473.61,263.51,391.96,1,-1,-1,-1
124,582,553.63,420.15,217.38,503.57,1,-1,-1,-1
124,584,1151.09,422.18,265.72,500.00,1,-1,-1,-1
124,585,725.65,372.34,385.14,555.33,1,-1,-1,-1
124,586,909.24,436.61,266.09,418.20,1,-1,-1,-1
124,587,846.35,435.20,332.19,420.16,1,-1,-1,-1
124,588,549.32,422.97,305.38,427.86,1,-1,-1,-1
125,591,1114.49,519.97,151.40,302.13,1,-1,-1,-1
125,590,1156.10,471.65,245.67,396.07,1,-1,-1,-1
125,582,581.79,429.11,216.22,485.19,1,-1,-1,-1
125,584,1110.55,420.17,297.29,505.30,1,-1,-1,-1
125,585,782.76,367.99,270.02,556.39,1,-1,-1,-1
125,586,921.73,437.04,207.69,414.46,1,-1,-1,-1
125,587,880.52,435.86,251.36,416.13,1,-1,-1,-1
125,588,545.40,401.29,300.41,443.23,1,-1,-1,-1
126,591,1122.99,484.03,158.05,338.83,1,-1,-1,-1
126,590,1181.60,471.96,215.64,395.80,1,-1,-1,-1
126,582,587.19,437.39,220.45,475.99,1,-1,-1,-1
126,584,1105.24,416.59,287.93,509.58,1,-1,-1,-1
126,585,755.45,371.96,262.91,551.80,1,-1,-1,-1
126,586,928.88,437.44,201.18,415.34,1,-1,-1,-1
126,587,894.33,438.76,236.87,414.04,1,-1,-1,-1
126,588,553.68,435.46,318.35,412.57,1,-1,-1,-1
127,591,1116.80,483.31,185.23,343.12,1,-1,-1,-1
127,590,1188.50,464.25,199.39,404.37,1,-1,-1,-1
127,589,697.54,428.77,405.52,426.77,1,-1,-1,-1
127,582,578.32,430.92,215.93,472.94,1,-1,-1,-1
127,583,633.89,437.27,375.13,414.49,1,-1,-1,-1
127,584,1100.55,410.96,281.07,513.01,1,-1,-1,-1
127,585,752.09,367.66,249.02,552.82,1,-1,-1,-1
127,586,917.61,440.17,207.15,408.32,1,-1,-1,-1
127,587,895.46,437.59,225.34,411.39,1,-1,-1,-1
127,588,524.02,422.68,314.92,427.04,1,-1,-1,-1
128,591,1133.08,486.15,200.04,363.16,1,-1,-1,-1
128,590,1192.26,461.08,185.18,404.29,1,-1,-1,-1
128,589,736.03,443.15,349.60,414.42,1,-1,-1,-1
128,582,576.39,436.10,210.15,457.70,1,-1,-1,-1
128,583,660.61,441.19,308.32,418.52,1,-1,-1,-1
128,584,1099.04,407.87,248.37,509.71,1,-1,-1,-1
128,585,703.53,379.35,282.95,534.44,1,-1,-1,-1
128,586,936.77,456.02,179.76,392.44,1,-1,-1,-1
128,587,896.81,451.50,209.66,402.03,1,-1,-1,-1
128,588,533.66,427.42,296.98,431.98,1,-1,-1,-1
129,591,1096.37,479.51,221.85,380.65,1,-1,-1,-1
129,590,1194.98,461.45,178.00,404.62,1,-1,-1,-1
129,589,640.86,457.83,403.27,398.50,1,-1,-1,-1
129,582,549.34,442.30,250.08,442.55,1,-1,-1,-1
129,583,594.68,447.36,357.66,418.53,1,-1,-1,-1
129,584,1084.57,405.99,245.24,512.36,1,-1,-1,-1
129,585,688.96,369.73,269.00,544.73,1,-1,-1,-1
129,586,947.36,459.22,182.31,385.50,1,-1,-1,-1
129,587,889.90,456.46,230.48,393.28,1,-1,-1,-1
129,588,518.39,442.87,301.75,431.38,1,-1,-1,-1
130,591,1043.90,473.35,232.11,383.03,1,-1,-1,-1
130,590,1193.88,459.74,171.43,404.15,1,-1,-1,-1
130,589,659.79,442.72,369.29,414.34,1,-1,-1,-1
130,582,559.31,444.84,227.25,448.79,1,-1,-1,-1
130,584,1074.94,402.63,241.85,511.65,1,-1,-1,-1
130,585,623.14,375.36,383.36,542.91,1,-1,-1,-1
130,586,941.80,454.35,187.11,378.25,1,-1,-1,-1
130,587,912.17,452.44,216.76,383.56,1,-1,-1,-1
130,588,523.56,441.43,277.39,435.92,1,-1,-1,-1
131,590,1188.95,457.76,166.56,406.56,1,-1,-1,-1
131,582,540.55,429.88,232.55,454.00,1,-1,-1,-1
131,583,628.21,445.48,360.02,428.87,1,-1,-1,-1
131,584,1058.38,401.54,241.78,511.23,1,-1,-1,-1
131,585,701.29,382.31,268.49,532.32,1,-1,-1,-1
131,586,954.13,459.79,172.56,375.02,1,-1,-1,-1
131,587,937.30,459.23,194.21,378.41,1,-1,-1,-1
132,590,1176.26,461.66,165.27,409.27,1,-1,-1,-1
132,582,518.16,392.26,241.53,484.57,1,-1,-1,-1
132,584,1036.70,398.64,237.04,517.22,1,-1,-1,-1
132,585,696.04,383.82,212.61,526.88,1,-1,-1,-1
132,586,945.54,463.80,181.08,384.55,1,-1,-1,-1
132,588,513.56,408.18,252.89,466.73,1,-1,-1,-1
133,590,1169.66,458.37,163.68,414.50,1,-1,-1,-1
133,582,521.57,418.85,242.60,460.89,1,-1,-1,-1
133,584,994.38,395.51,260.22,520.05,1,-1,-1,-1
133,585,684.85,384.43,207.29,520.71,1,-1,-1,-1
133,586,930.37,461.81,181.17,391.85,1,-1,-1,-1
134,590,1160.70,460.29,172.43,411.31,1,-1,-1,-1
134,582,509.29,395.04,247.61,477.06,1,-1,-1,-1
134,584,989.36,398.97,258.62,513.93,1,-1,-1,-1
134,585,688.21,388.27,210.74,515.44,1,-1,-1,-1
134,586,929.83,497.45,176.33,354.72,1,-1,-1,-1
135,590,1151.21,459.61,176.96,417.62,1,-1,-1,-1
135,582,514.14,391.12,242.96,473.73,1,-1,-1,-1
135,584,983.47,395.60,244.51,516.22,1,-1,-1,-1
135,585,609.01,383.59,320.10,518.78,1,-1,-1,-1
135,586,921.99,505.32,176.41,345.69,1,-1,-1,-1
136,590,1139.33,455.00,187.78,418.72,1,-1,-1,-1
136,589,661.56,452.65,351.15,395.39,1,-1,-1,-1
136,582,531.74,469.46,224.97,389.67,1,-1,-1,-1
136,584,961.82,397.25,237.67,515.02,1,-1,-1,-1
136,585,560.52,400.16,367.58,500.57,1,-1,-1,-1
136,586,909.84,505.16,170.49,339.74,1,-1,-1,-1
137,590,1138.21,450.51,202.45,423.85,1,-1,-1,-1
137,584,965.53,399.72,219.96,513.67,1,-1,-1,-1
137,585,622.97,394.11,241.66,506.52,1,-1,-1,-1
137,586,913.34,510.06,145.73,337.30,1,-1,-1,-1
138,590,1137.53,440.67,198.73,434.52,1,-1,-1,-1
138,582,528.91,484.86,222.66,376.04,1,-1,-1,-1
138,584,948.25,405.22,209.54,507.37,1,-1,-1,-1
138,585,629.95,395.99,208.13,502.76,1,-1,-1,-1
138,586,912.81,511.07,134.94,328.85,1,-1,-1,-1
138,587,944.07,488.25,202.72,366.62,1,-1,-1,-1
139,591,1076.30,525.60,214.86,284.04,1,-1,-1,-1
139,590,1138.32,444.21,201.90,431.11,1,-1,-1,-1
139,589,734.79,460.64,258.65,383.16,1,-1,-1,-1
139,582,524.16,486.12,221.35,375.33,1,-1,-1,-1
139,583,653.61,462.80,337.16,379.66,1,-1,-1,-1
139,584,928.26,401.13,214.37,512.51,1,-1,-1,-1
139,585,617.35,398.70,215.22,499.48,1,-1,-1,-1
139,586,907.59,508.82,125.68,303.52,1,-1,-1,-1
139,587,928.13,506.02,221.05,319.52,1,-1,-1,-1
140,591,1070.24,511.51,170.12,302.19,1,-1,-1,-1
140,590,1131.63,446.73,215.84,435.11,1,-1,-1,-1
140,589,784.63,452.94,256.45,392.83,1,-1,-1,-1
140,582,525.50,487.47,231.47,366.59,1,-1,-1,-1
140,583,737.71,456.13,351.90,387.64,1,-1,-1,-1
140,584,888.17,404.96,256.30,503.20,1,-1,-1,-1
140,585,571.22,398.74,263.46,499.09,1,-1,-1,-1
140,586,896.01,506.08,161.10,303.98,1,-1,-1,-1
140,587,918.23,502.55,250.30,322.03,1,-1,-1,-1
140,588,523.30,485.53,242.66,366.22,1,-1,-1,-1
141,591,1081.65,528.03,166.33,288.76,1,-1,-1,-1
141,590,1103.32,444.72,195.75,445.10,1,-1,-1,-1
141,589,780.38,444.91,381.07,398.03,1,-1,-1,-1
141,582,525.62,486.82,224.27,367.74,1,-1,-1,-1
141,583,756.89,452.03,413.04,391.50,1,-1,-1,-1
141,584,876.52,402.99,254.65,506.28,1,-1,-1,-1
141,585,542.43,405.53,270.37,494.27,1,-1,-1,-1
141,586,874.96,496.01,235.06,307.55,1,-1,-1,-1
141,587,914.36,500.79,272.15,328.18,1,-1,-1,-1
141,588,525.68,486.30,227.28,367.27,1,-1,-1,-1
142,591,1091.62,540.50,153.92,277.87,1,-1,-1,-1
142,590,1101.71,439.49,196.78,450.71,1,-1,-1,-1
142,582,534.15,488.75,247.07,354.46,1,-1,-1,-1
142,584,862.06,393.16,264.55,512.54,1,-1,-1,-1
142,585,530.25,398.47,267.82,494.47,1,-1,-1,-1
142,587,945.06,502.86,230.65,326.73,1,-1,-1,-1
142,588,529.80,489.11,243.27,356.43,1,-1,-1,-1
143,591,1089.39,513.65,129.98,307.52,1,-1,-1,-1
143,590,1102.45,443.55,195.78,448.43,1,-1,-1,-1
143,584,845.80,397.79,291.91,507.02,1,-1,-1,-1
143,585,532.81,387.92,309.44,506.55,1,-1,-1,-1
143,588,528.52,487.98,242.60,364.19,1,-1,-1,-1
144,591,1143.95,504.28,158.98,338.66,1,-1,-1,-1
144,590,1069.21,441.88,231.13,445.85,1,-1,-1,-1
144,582,535.39,489.58,259.25,337.54,1,-1,-1,-1
144,584,838.84,392.38,245.29,507.27,1,-1,-1,-1
144,585,538.99,406.90,260.66,482.07,1,-1,-1,-1
144,588,532.53,493.39,241.64,344.13,1,-1,-1,-1
145,591,1140.78,506.62,216.82,340.08,1,-1,-1,-1
145,590,1043.82,428.32,243.19,458.58,1,-1,-1,-1
145,582,534.88,502.93,238.24,316.44,1,-1,-1,-1
145,584,824.59,388.77,222.05,512.14,1,-1,-1,-1
145,585,532.77,385.66,282.81,497.16,1,-1,-1,-1
145,587,979.29,510.87,175.94,322.23,1,-1,-1,-1
145,588,535.25,504.19,213.08,328.87,1,-1,-1,-1
146,591,1139.18,503.06,215.29,344.71,1,-1,-1,-1
146,590,1008.40,436.67,263.20,453.87,1,-1,-1,-1
146,589,780.43,439.43,356.06,398.18,1,-1,-1,-1
146,582,539.02,506.56,223.26,314.64,1,-1,-1,-1
146,584,815.04,395.06,209.30,506.01,1,-1,-1,-1
146,585,534.69,400.56,249.63,479.90,1,-1,-1,-1
146,587,966.10,508.50,170.22,320.66,1,-1,-1,-1
146,588,536.59,503.13,179.96,329.45,1,-1,-1,-1
147,591,1147.79,508.25,207.59,341.07,1,-1,-1,-1
147,590,997.04,435.97,235.35,453.89,1,-1,-1,-1
147,582,571.30,506.34,207.14,326.58,1,-1,-1,-1
147,584,783.67,396.84,221.76,506.01,1,-1,-1,-1
147,585,535.81,394.10,224.67,482.12,1,-1,-1,-1
147,587,985.31,510.78,141.48,324.21,1,-1,-1,-1
147,588,537.25,493.98,182.17,343.40,1,-1,-1,-1
148,591,1144.01,509.69,210.45,338.08,1,-1,-1,-1
148,590,992.81,432.22,192.00,453.16,1,-1,-1,-1
148,582,590.07,482.32,187.30,345.26,1,-1,-1,-1
148,584,766.98,402.97,219.35,494.05,1,-1,-1,-1
148,585,538.58,428.12,214.64,435.28,1,-1,-1,-1
148,586,917.56,459.24,180.15,373.47,1,-1,-1,-1
148,587,955.06,471.22,148.14,361.48,1,-1,-1,-1
148,588,535.80,504.36,183.94,336.62,1,-1,-1,-1
149,591,1139.37,498.04,227.64,347.92,1,-1,-1,-1
149,590,997.49,429.63,169.94,454.15,1,-1,-1,-1
149,584,763.29,413.26,211.66,480.16,1,-1,-1,-1
149,585,538.58,428.68,204.89,429.11,1,-1,-1,-1
149,586,906.97,453.50,167.35,374.51,1,-1,-1,-1
149,587,962.62,474.66,135.93,357.38,1,-1,-1,-1
149,588,550.53,506.53,197.98,328.86,1,-1,-1,-1
150,591,1116.74,487.25,254.68,357.25,1,-1,-1,-1
150,590,979.21,431.88,176.65,450.20,1,-1,-1,-1
150,582,658.46,508.07,130.65,307.04,1,-1,-1,-1
150,584,756.90,449.65,203.70,442.54,1,-1,-1,-1
150,585,528.28,444.08,212.57,415.23,1,-1,-1,-1
150,586,894.34,455.02,177.02,378.88,1,-1,-1,-1
150,587,950.79,501.25,129.13,330.97,1,-1,-1,-1
150,588,584.87,514.24,209.67,314.80,1,-1,-1,-1
151,591,1105.18,486.85,266.02,353.65,1,-1,-1,-1
151,590,945.09,437.94,213.26,439.45,1,-1,-1,-1
151,582,675.38,524.03,123.19,279.98,1,-1,-1,-1
151,584,745.34,417.19,201.13,468.05,1,-1,-1,-1
151,585,517.02,439.03,229.60,417.06,1,-1,-1,-1
152,591,1113.02,481.69,229.23,361.65,1,-1,-1,-1
152,590,906.33,435.60,257.97,438.97,1,-1,-1,-1
152,584,734.02,414.62,188.13,464.67,1,-1,-1,-1
152,585,522.32,440.92,238.89,409.52,1,-1,-1,-1
152,586,898.85,470.00,205.54,357.17,1,-1,-1,-1
152,587,940.67,497.06,162.49,319.38,1,-1,-1,-1
153,591,1113.25,474.29,221.47,368.93,1,-1,-1,-1
153,590,887.18,436.08,285.89,433.10,1,-1,-1,-1
153,584,730.22,408.24,203.55,466.59,1,-1,-1,-1
153,585,516.05,437.30,250.38,410.06,1,-1,-1,-1
153,587,1007.12,492.57,160.55,310.12,1,-1,-1,-1
154,591,1103.35,472.55,222.35,374.04,1,-1,-1,-1
154,590,874.49,439.32,269.26,430.15,1,-1,-1,-1
154,584,828.47,437.51,187.81,393.88,1,-1,-1,-1
154,585,516.76,442.47,237.75,395.96,1,-1,-1,-1
154,587,1038.91,515.51,145.06,287.73,1,-1,-1,-1
155,591,1100.67,471.39,218.51,375.87,1,-1,-1,-1
155,590,863.66,439.34,248.63,429.33,1,-1,-1,-1
155,585,514.45,437.94,232.01,395.68,1,-1,-1,-1
155,587,1040.84,535.19,143.07,263.61,1,-1,-1,-1
156,591,1089.77,463.60,214.40,384.75,1,-1,-1,-1
156,590,827.89,429.78,270.43,436.58,1,-1,-1,-1
156,584,790.02,440.45,209.95,382.80,1,-1,-1,-1
156,585,506.57,456.61,247.63,374.77,1,-1,-1,-1
156,587,1060.63,535.85,119.41,265.11,1,-1,-1,-1
156,588,512.37,456.73,247.91,376.74,1,-1,-1,-1
157,591,1087.65,461.32,209.88,385.98,1,-1,-1,-1
157,590,834.23,428.72,253.41,439.02,1,-1,-1,-1
157,584,779.31,484.23,209.27,338.03,1,-1,-1,-1
157,585,512.34,462.52,217.54,370.16,1,-1,-1,-1
157,586,945.87,471.55,171.76,350.05,1,-1,-1,-1
157,587,1061.68,534.18,112.42,282.06,1,-1,-1,-1
158,591,1075.41,460.24,216.22,387.76,1,-1,-1,-1
158,590,835.92,428.90,231.92,433.59,1,-1,-1,-1
158,585,512.23,475.32,228.52,352.16,1,-1,-1,-1
158,586,940.34,469.75,171.54,351.69,1,-1,-1,-1
158,587,1018.25,504.49,130.10,314.20,1,-1,-1,-1
159,591,1051.59,458.15,236.05,387.95,1,-1,-1,-1
159,590,846.52,426.25,212.67,434.84,1,-1,-1,-1
159,584,759.13,498.32,154.38,314.33,1,-1,-1,-1
159,585,516.88,474.02,214.51,354.85,1,-1,-1,-1
159,586,938.16,467.87,163.39,352.77,1,-1,-1,-1
159,587,955.47,501.15,156.20,318.47,1,-1,-1,-1
160,591,1039.99,460.68,237.21,391.05,1,-1,-1,-1
160,590,863.86,427.54,241.22,426.28,1,-1,-1,-1
160,585,522.13,480.33,195.57,345.16,1,-1,-1,-1
161,592,1082.01,487.52,191.82,328.91,1,-1,-1,-1
161,591,1006.32,460.73,256.37,388.60,1,-1,-1,-1
161,590,756.92,434.25,269.40,422.80,1,-1,-1,-1
161,585,524.08,481.44,189.52,342.01,1,-1,-1,-1
161,587,924.72,500.44,152.58,317.45,1,-1,-1,-1
162,592,1090.66,488.28,186.02,325.21,1,-1,-1,-1
162,591,1011.07,451.29,249.88,400.96,1,-1,-1,-1
162,590,710.65,435.25,303.20,421.01,1,-1,-1,-1
162,582,700.90,498.04,133.09,289.07,1,-1,-1,-1
162,584,732.40,496.63,157.80,311.82,1,-1,-1,-1
162,585,525.30,484.21,182.01,338.31,1,-1,-1,-1
162,587,912.09,505.44,152.06,312.54,1,-1,-1,-1
163,592,1090.17,489.55,180.98,325.22,1,-1,-1,-1
163,591,1000.47,454.53,240.20,399.62,1,-1,-1,-1
163,590,707.66,436.10,316.85,416.74,1,-1,-1,-1
163,584,703.48,496.72,175.29,275.12,1,-1,-1,-1
163,585,527.86,488.50,199.72,329.22,1,-1,-1,-1
163,586,909.48,478.35,184.55,337.15,1,-1,-1,-1
163,587,903.84,514.64,150.99,302.14,1,-1,-1,-1
164,592,1080.24,490.15,190.15,329.94,1,-1,-1,-1
164,591,972.26,458.69,240.40,397.75,1,-1,-1,-1
164,590,700.03,434.26,293.89,420.19,1,-1,-1,-1
164,582,696.24,507.21,132.17,287.47,1,-1,-1,-1
164,584,692.89,509.15,162.06,282.72,1,-1,-1,-1
164,585,528.03,494.14,199.46,341.10,1,-1,-1,-1
164,587,895.09,479.96,149.43,340.59,1,-1,-1,-1
164,588,528.52,492.68,232.82,349.21,1,-1,-1,-1
165,592,1089.15,484.87,173.68,336.27,1,-1,-1,-1
165,591,983.49,457.07,217.67,400.64,1,-1,-1,-1
165,590,711.41,438.34,230.46,413.60,1,-1,-1,-1
165,582,634.18,514.81,148.51,286.23,1,-1,-1,-1
165,584,626.58,513.66,173.81,283.08,1,-1,-1,-1
165,585,532.26,507.83,182.22,341.40,1,-1,-1,-1
165,586,948.39,491.14,172.06,329.72,1,-1,-1,-1
165,587,864.90,480.37,163.21,342.67,1,-1,-1,-1
165,588,531.20,500.69,212.00,336.32,1,-1,-1,-1
166,592,1087.00,486.42,168.21,336.50,1,-1,-1,-1
166,591,980.91,458.76,200.17,398.66,1,-1,-1,-1
166,590,713.26,451.61,287.49,406.37,1,-1,-1,-1
166,582,651.07,520.83,127.96,288.09,1,-1,-1,-1
166,584,647.37,519.12,142.34,282.35,1,-1,-1,-1
166,585,550.58,513.33,157.04,337.64,1,-1,-1,-1
166,587,878.93,478.86,145.71,344.70,1,-1,-1,-1
166,588,547.29,502.29,192.19,329.42,1,-1,-1,-1
167,592,1085.87,488.84,169.84,335.66,1,-1,-1,-1
167,591,981.16,457.01,198.43,399.50,1,-1,-1,-1
167,590,714.57,447.80,217.77,403.94,1,-1,-1,-1
167,582,647.38,517.09,134.77,299.16,1,-1,-1,-1
167,584,636.06,515.39,147.62,297.72,1,-1,-1,-1
167,585,539.34,511.86,163.93,332.15,1,-1,-1,-1
167,586,960.53,500.61,182.83,317.78,1,-1,-1,-1
167,587,868.44,474.60,125.90,350.88,1,-1,-1,-1
167,588,532.89,491.24,184.87,316.08,1,-1,-1,-1
168,592,1069.38,484.41,183.05,344.52,1,-1,-1,-1
168,591,964.78,457.34,160.30,397.90,1,-1,-1,-1
168,590,688.28,447.76,214.88,402.52,1,-1,-1,-1
168,582,659.11,517.34,135.26,286.46,1,-1,-1,-1
168,584,652.60,516.04,141.68,287.65,1,-1,-1,-1
168,585,561.98,511.41,135.70,329.33,1,-1,-1,-1
168,587,868.69,478.09,124.01,341.73,1,-1,-1,-1
168,588,546.61,487.65,183.49,316.93,1,-1,-1,-1
169,592,1069.65,486.27,183.19,342.59,1,-1,-1,-1
169,591,949.98,441.55,157.37,413.14,1,-1,-1,-1
169,590,689.11,447.49,202.45,401.93,1,-1,-1,-1
169,582,660.41,531.68,139.33,266.55,1,-1,-1,-1
169,585,554.39,467.37,148.83,373.76,1,-1,-1,-1
169,587,826.41,479.44,142.83,335.87,1,-1,-1,-1
169,588,558.83,509.60,213.66,292.50,1,-1,-1,-1
170,592,1062.18,485.30,194.54,341.59,1,-1,-1,-1
170,591,935.32,447.93,170.87,408.19,1,-1,-1,-1
170,590,675.75,453.83,209.84,396.37,1,-1,-1,-1
170,582,655.65,526.30,145.28,271.80,1,-1,-1,-1
170,584,651.10,521.42,146.51,278.90,1,-1,-1,-1
170,585,541.33,454.58,160.38,387.56,1,-1,-1,-1
170,587,816.89,478.97,153.52,341.27,1,-1,-1,-1
171,592,1050.97,485.00,199.86,344.29,1,-1,-1,-1
171,591,908.39,449.35,191.62,407.40,1,-1,-1,-1
171,590,678.30,461.79,199.94,388.81,1,-1,-1,-1
171,582,665.84,540.57,156.37,262.89,1,-1,-1,-1
171,584,662.98,539.38,155.14,264.41,1,-1,-1,-1
171,585,547.07,460.10,169.22,380.35,1,-1,-1,-1
171,586,938.85,496.98,215.36,328.60,1,-1,-1,-1
171,587,822.16,478.71,160.17,340.84,1,-1,-1,-1
172,592,1049.77,482.46,176.63,346.71,1,-1,-1,-1
172,591,896.25,440.36,194.08,421.10,1,-1,-1,-1
172,590,595.34,457.17,232.28,386.98,1,-1,-1,-1
172,585,542.79,464.39,182.40,370.99,1,-1,-1,-1
172,586,924.22,495.44,219.72,335.01,1,-1,-1,-1
172,587,791.99,482.93,195.87,334.95,1,-1,-1,-1
173,592,1050.15,479.70,176.15,349.15,1,-1,-1,-1
173,591,892.42,467.61,206.92,395.28,1,-1,-1,-1
173,590,642.18,472.44,226.95,365.87,1,-1,-1,-1
173,585,539.89,470.45,189.76,362.70,1,-1,-1,-1
173,586,927.81,499.59,221.14,335.95,1,-1,-1,-1
173,587,773.88,475.99,216.90,337.87,1,-1,-1,-1
173,588,570.61,516.97,177.50,301.77,1,-1,-1,-1
174,592,1040.45,490.80,194.11,339.39,1,-1,-1,-1
174,591,945.86,458.95,223.27,401.09,1,-1,-1,-1
174,590,652.59,468.71,291.80,363.45,1,-1,-1,-1
174,582,696.55,522.86,203.18,287.81,1,-1,-1,-1
174,585,538.16,474.64,187.55,356.63,1,-1,-1,-1
174,586,940.64,494.48,220.44,341.78,1,-1,-1,-1
174,587,781.49,483.52,202.80,329.44,1,-1,-1,-1
174,588,568.96,523.23,173.69,302.19,1,-1,-1,-1
175,592,1034.13,481.63,190.02,351.31,1,-1,-1,-1
175,591,834.15,462.46,265.70,390.46,1,-1,-1,-1
175,585,540.28,478.34,191.62,352.10,1,-1,-1,-1
175,586,930.05,483.07,229.26,351.95,1,-1,-1,-1
175,587,766.01,514.05,223.29,300.98,1,-1,-1,-1
175,588,588.41,528.02,156.32,298.97,1,-1,-1,-1
176,592,1038.48,472.18,174.83,364.83,1,-1,-1,-1
176,591,831.40,461.63,219.38,392.96,1,-1,-1,-1
176,585,540.61,483.94,171.38,335.64,1,-1,-1,-1
176,587,755.07,497.83,172.97,313.04,1,-1,-1,-1
176,588,595.85,523.02,139.45,295.74,1,-1,-1,-1
177,593,1076.64,508.06,195.69,304.16,1,-1,-1,-1
177,592,1059.44,479.89,211.20,353.09,1,-1,-1,-1
177,591,796.19,458.75,192.89,396.26,1,-1,-1,-1
177,585,540.55,489.38,161.14,329.28,1,-1,-1,-1
177,586,937.19,482.56,206.79,333.35,1,-1,-1,-1
177,587,750.02,498.03,175.72,313.07,1,-1,-1,-1
177,588,587.22,527.99,154.20,291.95,1,-1,-1,-1
178,592,1090.48,496.54,184.05,315.26,1,-1,-1,-1
178,591,803.33,452.47,174.51,400.06,1,-1,-1,-1
178,585,528.18,492.30,185.12,324.98,1,-1,-1,-1
178,586,985.67,495.55,190.46,335.26,1,-1,-1,-1
178,587,748.96,495.43,165.44,318.88,1,-1,-1,-1
178,588,616.40,519.91,158.91,306.83,1,-1,-1,-1
179,594,916.06,535.12,112.56,259.21,1,-1,-1,-1
179,593,1091.37,475.58,172.01,338.72,1,-1,-1,-1
179,592,1099.09,474.65,163.73,339.83,1,-1,-1,-1
179,591,786.17,465.44,168.14,385.07,1,-1,-1,-1
179,585,539.63,489.80,158.56,328.19,1,-1,-1,-1
179,586,1006.40,460.91,169.78,373.55,1,-1,-1,-1
179,587,746.34,500.89,156.97,308.94,1,-1,-1,-1
179,588,621.34,480.67,160.59,353.98,1,-1,-1,-1
180,594,917.03,492.34,126.61,322.33,1,-1,-1,-1
180,593,1074.95,505.08,174.71,310.86,1,-1,-1,-1
180,591,755.77,464.83,194.52,386.85,1,-1,-1,-1
180,585,550.98,501.38,139.37,315.84,1,-1,-1,-1
180,586,1011.97,465.39,141.27,375.00,1,-1,-1,-1
180,588,604.25,488.31,165.34,346.22,1,-1,-1,-1
181,594,918.02,489.92,122.10,325.13,1,-1,-1,-1
181,593,1082.86,508.22,163.77,308.43,1,-1,-1,-1
181,591,744.99,460.80,198.75,390.18,1,-1,-1,-1
181,585,552.17,506.44,139.29,306.56,1,-1,-1,-1
181,586,999.92,460.71,138.44,368.16,1,-1,-1,-1
181,588,599.08,489.37,169.86,341.84,1,-1,-1,-1
182,594,923.22,491.60,120.90,322.71,1,-1,-1,-1
182,593,1081.03,507.31,163.38,315.20,1,-1,-1,-1
182,592,1081.40,503.06,167.48,316.91,1,-1,-1,-1
182,591,740.78,456.83,192.78,392.80,1,-1,-1,-1
182,585,553.63,506.84,142.38,299.35,1,-1,-1,-1
182,586,968.82,454.86,188.28,382.16,1,-1,-1,-1
182,588,577.27,495.38,198.43,331.28,1,-1,-1,-1
183,594,924.40,485.20,113.25,330.59,1,-1,-1,-1
183,593,1072.40,503.13,165.84,317.92,1,-1,-1,-1
183,591,732.01,458.45,228.09,387.09,1,-1,-1,-1
183,585,557.94,508.53,130.43,297.37,1,-1,-1,-1
183,586,968.57,456.83,175.16,384.38,1,-1,-1,-1
183,588,584.45,496.45,191.03,331.26,1,-1,-1,-1
